/mnt/phd/jihu/opioid/Code/sh script/../src/process/step23_identify_alert_lt_multiple.py:29: DtypeWarning: Columns (4) have mixed types. Specify dtype option on import or set low_memory=False.
  BENZO = pd.read_csv(f"{datadir}FULL_BENZO_{year}.csv")
Keep up to first long term use. Number of prescriptions left: 942265
        patient_id  daily_dose  concurrent_MME  adjusted_MME date_filled  \
250429    47540706      12.000          12.000     12.000000  2019-02-09   
250430    47540706      12.000          12.000     12.000000  2019-04-13   
250431    47540706      12.000          12.000     12.000000  2019-06-26   
335402    48877812     180.000         180.000    180.000000  2019-01-28   
335403    48877812      40.000         220.000    208.000000  2019-01-30   
335404    48877812      40.000         220.000    220.000000  2019-03-01   
335405    48877812     180.000         220.000    220.000000  2019-03-01   
335406    48877812      40.000         260.000     62.000000  2019-03-28   
335407    48877812     180.000         220.000    214.666667  2019-04-01   
335408    48877812      40.000         260.000     71.333333  2019-04-26   
335409    48877812     180.000         400.000    228.000000  2019-04-29   
711979    54339322       7.500           7.500      7.500000  2019-04-02   
711980    54339322       7.500           7.500      7.500000  2019-06-27   
711981    54339322      28.125          35.625     30.000000  2019-07-25   
711982    54339322      60.000          60.000     60.000000  2019-08-05   
711983    54339322      60.000          60.000     60.000000  2019-08-12   
711984    54339322      30.000          30.000     30.000000  2019-08-19   
711985    54339322      30.000          30.000     30.000000  2019-08-26   

        days_supply  consecutive_days  days_to_long_term  long_term_180  
250429           30                30              167.0              1  
250430           30                30              104.0              1  
250431           30                30               30.0              1  
335402           30                30               93.0              1  
335403           30                32               91.0              1  
335404           30                62               61.0              1  
335405           30                62               61.0              1  
335406           30                89               34.0              1  
335407           30                93               30.0              1  
335408           30               118                5.0              1  
335409           30               121                2.0              1  
711979           30                30              153.0              1  
711980           30                30               67.0              1  
711981            8                36               39.0              1  
711982            7                 7               28.0              1  
711983            7                14               21.0              1  
711984            7                21               14.0              1  
711985            7                28                7.0              1  
