/mnt/phd/jihu/opioid/Code/sh script/../src/process/step23_identify_alert_lt_multiple.py:29: DtypeWarning: Columns (4) have mixed types. Specify dtype option on import or set low_memory=False.
  BENZO = pd.read_csv(f"{datadir}FULL_BENZO_{year}.csv")
Keep up to first long term use. Number of prescriptions left: 964583
        patient_id  daily_dose  concurrent_MME  adjusted_MME date_filled  \
2448         88788   18.000000       18.000000     18.000000  2019-08-13   
2449         88788   13.500000       13.500000     13.500000  2019-09-16   
2450         88788   18.000000       18.000000     18.000000  2019-10-16   
316950    10564215  105.000000      105.000000    105.000000  2019-01-10   
316951    10564215   72.413793       72.413793     72.413793  2019-01-21   
316952    10564215   75.000000       75.000000     75.000000  2019-02-20   
316953    10564215   75.000000       75.000000     75.000000  2019-03-11   
316954    10564215   75.000000      150.000000     81.250000  2019-03-22   
316955    10564215   73.500000      148.500000     78.500000  2019-04-01   
918973    40706355   90.000000       90.000000     90.000000  2019-08-12   
918974    40706355   18.750000       18.750000     18.750000  2019-08-16   
918975    40706355   50.000000       68.750000     48.750000  2019-08-19   
918976    40706355   25.000000       43.750000     31.250000  2019-08-22   
918977    40706355   60.000000       60.000000     60.000000  2019-08-28   
918978    40706355   75.000000       75.000000     75.000000  2019-08-31   
918979    40706355   50.000000       50.000000     50.000000  2019-09-03   
918980    40706355   22.500000       22.500000     22.500000  2019-09-06   
918981    40706355   30.000000       52.500000     37.500000  2019-09-10   
918982    40706355   60.000000       82.500000     82.500000  2019-09-13   
918983    40706355  100.000000      182.500000    127.500000  2019-09-15   

        days_supply  consecutive_days  days_to_long_term  long_term_180  
2448             30                30               94.0              1  
2449             30                30               60.0              1  
2450             30                60               30.0              1  
316950           10                10              111.0              1  
316951           29                40              100.0              1  
316952           15                56               70.0              1  
316953           12                12               51.0              1  
316954           12                23               40.0              1  
316955           30                51               30.0              1  
918973            2                 2              115.0              1  
918974            8                 8              111.0              1  
918975            3                 6              108.0              1  
918976            6                12              105.0              1  
918977            3                15               99.0              1  
918978            3                18               96.0              1  
918979            3                21               93.0              1  
918980           10                31               90.0              1  
918981            3                28               86.0              1  
918982            3                31               83.0              1  
918983            3                33               81.0              1  
