/mnt/phd/jihu/opioid/Code/sh script/../src/process/step23_identify_alert_lt_multiple.py:25: DtypeWarning: Columns (4) have mixed types. Specify dtype option on import or set low_memory=False.
  FULL = pd.read_csv(f"{datadir}FULL_OPIOID_{year}_ATLEASTTWO_{case}.csv")
/mnt/phd/jihu/opioid/Code/sh script/../src/process/step23_identify_alert_lt_multiple.py:29: DtypeWarning: Columns (4) have mixed types. Specify dtype option on import or set low_memory=False.
  BENZO = pd.read_csv(f"{datadir}FULL_BENZO_{year}.csv")
Keep up to first long term use. Number of prescriptions left: 1286012
         patient_id  daily_dose  concurrent_MME  adjusted_MME date_filled  \
149248     68399532    20.00000        20.00000     20.000000  2018-01-25   
149249     68399532    20.00000        40.00000     22.666667  2018-02-20   
149250     68399532    28.12500        48.12500     36.071429  2018-03-08   
149251     68399532    40.00000        40.00000     40.000000  2018-03-25   
149252     68399532    40.90909        40.90909     40.909090  2018-04-25   
149253     68399532    40.00000        40.00000     40.000000  2018-05-17   
149254     68399532    40.00000        80.00000     41.333333  2018-06-15   
1048859    69906486    20.00000        20.00000     20.000000  2018-08-07   
1048860    69906486    20.00000        20.00000     20.000000  2018-09-06   
1048861    69906486    20.00000        40.00000     21.333333  2018-10-04   
1048862    69906486    20.00000        60.00000     40.000000  2018-10-05   
1048863    69906486    20.00000        20.00000     20.000000  2018-11-05   
1188145    70226829    15.00000        15.00000     15.000000  2018-09-21   
1188146    70226829    15.00000        15.00000     15.000000  2018-10-04   
1188147    70226829    15.00000        15.00000     15.000000  2018-10-18   
1188148    70226829    15.00000        15.00000     15.000000  2018-11-01   
1188149    70226829    15.00000        15.00000     15.000000  2018-11-16   
1188150    70226829    18.75000        33.75000     20.625000  2018-11-27   
1188151    70226829    15.00000        15.00000     15.000000  2018-12-14   

         days_supply  consecutive_days  days_to_long_term  long_term_180  
149248            30                30              142.0              1  
149249            30                56              116.0              1  
149250             8                50              100.0              1  
149251            15                15               83.0              1  
149252            22                22               52.0              1  
149253            30                52               30.0              1  
149254            30                81                1.0              1  
1048859           30                30              120.0              1  
1048860           30                60               90.0              1  
1048861           30                88               62.0              1  
1048862           30                89               61.0              1  
1048863           30               120               30.0              1  
1188145           12                12              114.0              1  
1188146           12                25              101.0              1  
1188147           12                12               87.0              1  
1188148           12                12               73.0              1  
1188149           12                12               58.0              1  
1188150            8                19               47.0              1  
1188151           30                30               30.0              1  
