/mnt/phd/jihu/opioid/Code/sh script/../src/process/step23_identify_alert_lt_multiple.py:29: DtypeWarning: Columns (4) have mixed types. Specify dtype option on import or set low_memory=False.
  BENZO = pd.read_csv(f"{datadir}FULL_BENZO_{year}.csv")
Keep up to first long term use. Number of prescriptions left: 945867
        patient_id  daily_dose  concurrent_MME  adjusted_MME date_filled  \
629350    63002703    10.00000        10.00000     10.000000  2018-06-27   
629351    63002703    31.25000        31.25000     31.250000  2018-08-01   
629352    63002703    10.00000        10.00000     10.000000  2018-09-04   
629353    63002703    40.00000        50.00000     40.666667  2018-10-03   
795164    65163121    39.13043        39.13043     39.130430  2018-03-07   
795165    65163121    30.00000        30.00000     30.000000  2018-06-08   
795166    65163121    30.00000        30.00000     30.000000  2018-07-10   
795167    65163121    30.00000        30.00000     30.000000  2018-08-14   
925427    66646182    21.42857        21.42857     21.428570  2018-02-01   
925428    66646182    44.11765        44.11765     44.117650  2018-04-23   
925429    66646182    45.00000        45.00000     45.000000  2018-05-10   
925430    66646182    20.00000        65.00000     50.000000  2018-05-20   
925431    66646182    45.00000       110.00000     52.500000  2018-05-23   
925432    66646182    22.50000        22.50000     22.500000  2018-06-08   
925433    66646182    45.00000        67.50000     49.821429  2018-06-19   
925434    66646182     7.50000         7.50000      7.500000  2018-07-04   
925435    66646182    20.00000        27.50000     10.357143  2018-07-13   
925436    66646182    10.00000        17.50000     11.617647  2018-07-17   

        days_supply  consecutive_days  days_to_long_term  long_term_180  
629350           30                30              113.0              1  
629351           16                16               78.0              1  
629352           30                30               44.0              1  
629353           15                44               15.0              1  
795164           23                23              190.0              0  
795165           30                30               97.0              1  
795166           30                30               65.0              1  
795167           30                30               30.0              1  
925427            7                 7              173.0              1  
925428           17                17               92.0              1  
925429           14                31               75.0              1  
925430            6                33               65.0              1  
925431           14                44               62.0              1  
925432           14                14               46.0              1  
925433           14                25               35.0              1  
925434           30                56               20.0              1  
925435            3                38               11.0              1  
925436            7                46                7.0              1  
