/mnt/phd/jihu/opioid/Code/sh script/../src/process/step23_identify_alert_lt_multiple.py:29: DtypeWarning: Columns (4) have mixed types. Specify dtype option on import or set low_memory=False.
  BENZO = pd.read_csv(f"{datadir}FULL_BENZO_{year}.csv")
Keep up to first long term use. Number of prescriptions left: 982060
        patient_id date_filled  days_supply  consecutive_days  \
314959     9750865  2018-01-04           30                30   
314960     9750865  2018-01-30           30                56   
314961     9750865  2018-02-28           30                85   
314962     9750865  2018-03-27           30               112   
314963     9750865  2018-04-24           30               140   
602607    16578408  2018-03-02           13                13   
602608    16578408  2018-03-08           12                18   
602609    16578408  2018-03-12            3                13   
602610    16578408  2018-03-19            3                 3   
602611    16578408  2018-03-23            3                 7   
602612    16578408  2018-03-28            3                 3   
602613    16578408  2018-04-03            4                 4   
602614    16578408  2018-04-09            5                 5   
602615    16578408  2018-04-17            5                 5   
602616    16578408  2018-04-30           12                12   
602617    16578408  2018-05-17           12                12   
602618    16578408  2018-06-07           12                12   
602619    16578408  2018-06-28            5                 5   
602620    16578408  2018-07-05            5                 5   
602621    16578408  2018-07-23            5                 5   

        days_to_long_term  long_term_180  
314959              112.0              1  
314960               86.0              1  
314961               57.0              1  
314962               30.0              1  
314963                2.0              1  
602607              164.0              1  
602608              158.0              1  
602609              154.0              1  
602610              147.0              1  
602611              143.0              1  
602612              138.0              1  
602613              132.0              1  
602614              126.0              1  
602615              118.0              1  
602616              105.0              1  
602617               88.0              1  
602618               67.0              1  
602619               46.0              1  
602620               39.0              1  
602621               21.0              1  
