ERROR: LoadError: UndefVarError: N_ not defined
Stacktrace:
 [1] top-level scope
   @ /mnt/phd/jihu/opioid/Code/conic_opt.jl:111
in expression starting at /mnt/phd/jihu/opioid/Code/conic_opt.jl:111
Start with N = 4000, C0 = 10, max_point = 5, feature_case = core
The time for constructing x_order and v_order 699 milliseconds
The time for constructing optimization model is 18243 milliseconds
Problem
  Name                   :                 
  Objective sense        : minimize        
  Type                   : CONIC (conic optimization problem)
  Constraints            : 12594           
  Affine conic cons.     : 8000            
  Disjunctive cons.      : 0               
  Cones                  : 0               
  Scalar variables       : 18303           
  Matrix variables       : 0               
  Integer variables      : 2303            

Optimizer started.
Mixed integer optimizer started.
Threads used: 10
Presolve started.
Presolve terminated. Time = 3.75, probing time =  3.37
Presolved problem: 26291 variables, 10282 constraints, 64570 non-zeros
Presolved problem: 1 general integer, 2290 binary, 24000 continuous
Presolved problem: 8000 cones
Clique table size: 2282
BRANCHES RELAXS   ACT_NDS  DEPTH    BEST_INT_OBJ         BEST_RELAX_OBJ       REL_GAP(%)  TIME  
0        1        1        0        NA                   1.6648481577e+03     NA          7.5   
0        1        1        0        2.0007034402e+03     1.6648481577e+03     16.79       14.6  
Cut generation started.
0        1        1        0        2.0007034402e+03     1.6648481530e+03     16.79       38.3  
Cut generation terminated. Time = 0.38
8        12       7        3        2.0007034402e+03     1.6739331671e+03     16.33       62.4  
21       25       20       4        2.0007034402e+03     1.7086629557e+03     14.60       75.9  
33       37       32       6        2.0007034402e+03     1.7354889205e+03     13.26       81.6  
63       67       54       9        1.9900747492e+03     1.7354889205e+03     12.79       87.1  
113      114      80       8        1.9057119950e+03     1.7504635868e+03     8.15        96.2  
193      184      76       10       1.8751430316e+03     1.8083698726e+03     3.56        107.4 
263      240      54       16       1.8751430316e+03     1.8163268738e+03     3.14        113.8 
312      285      59       17       1.8751430301e+03     1.8178215608e+03     3.06        125.6 
362      334      63       9        1.8751430301e+03     1.8181767563e+03     3.04        131.4 
421      390      54       12       1.8671559836e+03     1.8181767563e+03     2.62        137.2 
471      433      52       13       1.8652239058e+03     1.8181767563e+03     2.52        140.3 
519      474      48       18       1.8642921715e+03     1.8187507630e+03     2.44        143.5 
557      510      42       16       1.8642921715e+03     1.8187507630e+03     2.44        146.1 
597      550      50       10       1.8642921715e+03     1.8196425015e+03     2.39        149.2 
647      600      54       15       1.8642921715e+03     1.8196425015e+03     2.39        154.9 
697      650      48       18       1.8642921715e+03     1.8196425015e+03     2.39        159.4 
737      690      50       21       1.8642921715e+03     1.8196425015e+03     2.39        161.2 
787      740      52       15       1.8642921715e+03     1.8196425015e+03     2.39        163.7 
837      789      54       12       1.8642921715e+03     1.8214797621e+03     2.30        166.9 
887      835      38       17       1.8642921715e+03     1.8214797621e+03     2.30        169.6 
916      864      39       17       1.8642921715e+03     1.8214797621e+03     2.30        171.3 
945      890      36       17       1.8642921715e+03     1.8214797621e+03     2.30        173.4 
974      919      29       19       1.8642921715e+03     1.8214797621e+03     2.30        178.3 
994      939      35       12       1.8642921715e+03     1.8246019263e+03     2.13        180.2 
1024     969      45       15       1.8642921715e+03     1.8246019263e+03     2.13        182.0 
1063     1008     50       19       1.8642921715e+03     1.8250204058e+03     2.11        184.2 
1112     1057     39       22       1.8642921715e+03     1.8250204058e+03     2.11        186.9 
1142     1087     41       24       1.8642921715e+03     1.8250204058e+03     2.11        188.8 
1182     1127     39       25       1.8642921715e+03     1.8250204058e+03     2.11        190.9 
1212     1157     33       26       1.8642921715e+03     1.8250204058e+03     2.11        192.6 
1241     1186     32       26       1.8642921715e+03     1.8250204058e+03     2.11        194.5 
1271     1216     34       18       1.8642921715e+03     1.8250204058e+03     2.11        196.7 
1300     1245     27       21       1.8642921715e+03     1.8254475893e+03     2.08        198.5 
1319     1263     30       23       1.8642921715e+03     1.8258205155e+03     2.06        199.6 
1348     1291     35       26       1.8642921715e+03     1.8258205155e+03     2.06        200.9 
1378     1321     33       19       1.8642921715e+03     1.8258205155e+03     2.06        202.2 
1408     1351     33       21       1.8642921715e+03     1.8258205155e+03     2.06        203.5 
1438     1381     31       21       1.8642921715e+03     1.8258205155e+03     2.06        204.8 
1468     1411     29       26       1.8642921715e+03     1.8258205155e+03     2.06        206.3 
1488     1431     33       21       1.8642921715e+03     1.8264914837e+03     2.03        207.4 
1517     1459     28       24       1.8642921715e+03     1.8264914837e+03     2.03        209.5 
1537     1479     22       23       1.8642921715e+03     1.8267474756e+03     2.01        210.8 
1556     1498     23       25       1.8642921715e+03     1.8267474756e+03     2.01        212.0 
1572     1514     17       26       1.8642921715e+03     1.8267474756e+03     2.01        213.1 
1588     1530     15       22       1.8642921715e+03     1.8267474756e+03     2.01        214.1 
1603     1545     16       25       1.8642921715e+03     1.8267474756e+03     2.01        215.3 
1618     1560     17       25       1.8642921715e+03     1.8267474756e+03     2.01        216.2 
1634     1576     11       26       1.8642921715e+03     1.8267474756e+03     2.01        217.3 
1648     1590     11       25       1.8642921715e+03     1.8268341030e+03     2.01        219.1 
1663     1605     14       28       1.8642921715e+03     1.8268341030e+03     2.01        220.5 
1676     1618     15       28       1.8642921715e+03     1.8268341030e+03     2.01        221.5 
1689     1631     14       28       1.8642921715e+03     1.8268341030e+03     2.01        222.7 
1701     1643     14       36       1.8642921715e+03     1.8268341030e+03     2.01        223.9 
1713     1655     16       28       1.8642921715e+03     1.8270450667e+03     2.00        225.0 
1727     1669     16       29       1.8642921715e+03     1.8270450667e+03     2.00        226.4 
1749     1691     20       28       1.8642921715e+03     1.8273225686e+03     1.98        227.9 
1768     1710     17       24       1.8642921715e+03     1.8273225686e+03     1.98        228.8 
1783     1725     20       24       1.8642921715e+03     1.8273225686e+03     1.98        229.8 
1798     1740     19       25       1.8642921715e+03     1.8273225686e+03     1.98        230.9 
1815     1757     12       30       1.8642921715e+03     1.8273225686e+03     1.98        231.9 
1826     1768     9        27       1.8642921715e+03     1.8273225686e+03     1.98        232.9 
1837     1779     10       27       1.8642921715e+03     1.8274255677e+03     1.98        234.3 
1852     1794     11       29       1.8642921715e+03     1.8274255677e+03     1.98        236.5 
1867     1809     14       31       1.8642921715e+03     1.8274255677e+03     1.98        238.2 
1879     1821     14       29       1.8642921715e+03     1.8276701684e+03     1.96        239.2 
1894     1836     17       32       1.8642921715e+03     1.8280261981e+03     1.95        240.4 
1908     1850     13       34       1.8642921715e+03     1.8280261981e+03     1.95        241.2 
1919     1861     10       49       1.8642921715e+03     1.8280261981e+03     1.95        242.9 
1931     1873     8        52       1.8642921715e+03     1.8280261981e+03     1.95        244.1 
1945     1887     8        25       1.8642921715e+03     1.8280261981e+03     1.95        246.2 
1956     1898     9        31       1.8642921715e+03     1.8281068545e+03     1.94        247.9 
1969     1911     18       32       1.8642921715e+03     1.8282958244e+03     1.93        249.8 
1984     1926     21       34       1.8642921715e+03     1.8282958244e+03     1.93        251.1 
1999     1941     12       35       1.8642921715e+03     1.8282958244e+03     1.93        251.9 
2015     1957     6        38       1.8642921715e+03     1.8282958244e+03     1.93        253.6 
2027     1969     12       32       1.8642921715e+03     1.8285827750e+03     1.92        255.1 
2042     1984     13       35       1.8642921715e+03     1.8286935042e+03     1.91        256.5 
2056     1998     17       42       1.8642921715e+03     1.8288319471e+03     1.90        257.6 
2078     2020     17       35       1.8642921715e+03     1.8288908761e+03     1.90        258.9 
2092     2034     15       37       1.8642921715e+03     1.8288908761e+03     1.90        259.8 
2104     2046     13       39       1.8642921715e+03     1.8288908761e+03     1.90        260.5 
2116     2058     17       37       1.8642921715e+03     1.8290234642e+03     1.89        261.4 
2130     2072     13       37       1.8642921715e+03     1.8290234642e+03     1.89        262.2 
2142     2084     11       42       1.8642921715e+03     1.8290234642e+03     1.89        263.2 
2155     2097     6        43       1.8642921715e+03     1.8290234642e+03     1.89        264.7 
2169     2111     8        37       1.8642921715e+03     1.8291286633e+03     1.89        266.5 
2182     2124     13       45       1.8642921715e+03     1.8292111378e+03     1.88        268.2 
2193     2135     14       46       1.8642921715e+03     1.8292111378e+03     1.88        269.1 
2206     2148     17       40       1.8642921715e+03     1.8293602148e+03     1.87        270.5 
2220     2162     13       35       1.8642921715e+03     1.8294367555e+03     1.87        271.7 
2233     2175     10       34       1.8642921715e+03     1.8295216528e+03     1.87        272.8 
2249     2191     14       50       1.8642921715e+03     1.8295918630e+03     1.86        274.3 
2261     2203     16       52       1.8642921715e+03     1.8295918630e+03     1.86        275.0 
2274     2216     11       35       1.8642921715e+03     1.8295918630e+03     1.86        276.0 
2286     2228     7        46       1.8642921715e+03     1.8295918630e+03     1.86        277.3 
2300     2242     11       45       1.8642921715e+03     1.8296172945e+03     1.86        279.2 
2317     2259     12       45       1.8642921715e+03     1.8296418432e+03     1.86        280.7 
2333     2275     8        39       1.8642921715e+03     1.8296418432e+03     1.86        282.1 
2344     2286     13       40       1.8642921715e+03     1.8296418432e+03     1.86        283.7 
2355     2297     12       40       1.8642921715e+03     1.8296418432e+03     1.86        284.8 
2367     2309     10       41       1.8642921715e+03     1.8296418432e+03     1.86        286.1 
2380     2322     5        56       1.8642921715e+03     1.8296418432e+03     1.86        287.7 
2391     2333     4        48       1.8642921715e+03     1.8296603403e+03     1.86        289.8 
2402     2344     1        50       1.8642921715e+03     1.8296671502e+03     1.86        293.2 
An optimal solution satisfying the relative gap tolerance of 1.00e-02(%) has been located.
The relative gap is 0.00e+00(%).
An optimal solution satisfying the absolute gap tolerance of 0.00e+00 has been located.
The absolute gap is 0.00e+00.

Objective of best integer solution : 1.864292171483e+03      
Best objective bound               : 1.864292171483e+03      
Initial feasible solution objective: Undefined
Construct solution objective       : Not employed
User objective cut value           : Not employed
Number of cuts generated           : 0
Number of branches                 : 2403
Number of relaxations solved       : 2345
Number of interior point iterations: 29351
Number of simplex iterations       : 0
Time spend presolving the root     : 3.75
Time spend optimizing the root     : 3.62
Mixed integer optimizer terminated. Time: 293.74

Optimizer terminated. Time: 293.85  

