Start with N = 5000, C0 = 10, max_point = 5, feature_case = full
The time for constructing x_order and v_order 530 milliseconds
The time for constructing optimization model is 7741 milliseconds, start solving the model
Problem
  Name                   :                 
  Objective sense        : minimize        
  Type                   : CONIC (conic optimization problem)
  Constraints            : 25576           
  Affine conic cons.     : 10000           
  Disjunctive cons.      : 0               
  Cones                  : 0               
  Scalar variables       : 27789           
  Matrix variables       : 0               
  Integer variables      : 7789            

Optimizer started.
Mixed integer optimizer started.
Threads used: 10
Presolve started.
Presolve terminated. Time = 2.56, probing time =  2.13
Presolved problem: 37591 variables, 17518 constraints, 234880 non-zeros
Presolved problem: 1 general integer, 7590 binary, 30000 continuous
Presolved problem: 10000 cones
Clique table size: 7518
BRANCHES RELAXS   ACT_NDS  DEPTH    BEST_INT_OBJ         BEST_RELAX_OBJ       REL_GAP(%)  TIME  
0        1        1        0        NA                   2.0256442189e+03     NA          6.9   
0        1        1        0        3.0726963738e+03     2.0256442189e+03     34.08       24.0  
0        1        1        0        2.4411524124e+03     2.0256442189e+03     17.02       33.3  
Cut generation started.
0        1        1        0        2.4411524124e+03     2.0256442602e+03     17.02       58.9  
Cut generation terminated. Time = 4.76
8        12       9        2        2.4411524124e+03     2.0355184997e+03     16.62       101.2 
19       23       20       3        2.4411524124e+03     2.0640930130e+03     15.45       116.1 
59       63       60       8        2.4411524124e+03     2.0640930130e+03     15.45       165.3 
119      123      112      4        2.4411524124e+03     2.0816706373e+03     14.73       225.9 
229      233      204      20       2.4411524124e+03     2.1054768709e+03     13.75       263.2 
429      433      260      26       2.4411524124e+03     2.1070584047e+03     13.69       312.2 
635      639      336      30       2.4411524124e+03     2.1218651477e+03     13.08       396.7 
861      865      394      31       2.4411524124e+03     2.1218651477e+03     13.08       493.8 
1089     1093     462      42       2.4388487054e+03     2.1556410646e+03     11.61       552.3 
1322     1323     515      25       2.4333543462e+03     2.1579583244e+03     11.32       637.6 
1562     1561     577      44       2.4232474997e+03     2.1579583244e+03     10.95       694.1 
1804     1790     643      51       2.4187665857e+03     2.1615432448e+03     10.63       805.2 
2047     2023     720      14       2.4176016270e+03     2.1630751324e+03     10.53       872.4 
2283     2259     844      62       2.3853278955e+03     2.1639916143e+03     9.28        905.4 
2543     2485     860      53       2.3838043646e+03     2.1662352710e+03     9.13        968.1 
2839     2710     848      18       2.3836781115e+03     2.1675730770e+03     9.07        1008.8
3072     2938     891      53       2.3835686081e+03     2.1705915187e+03     8.94        1043.3
3309     3174     946      54       2.3833049294e+03     2.1706820816e+03     8.92        1082.4
3544     3406     1003     52       2.3833049294e+03     2.1726360080e+03     8.84        1123.7
3756     3618     1087     33       2.3833049294e+03     2.1732740032e+03     8.81        1165.9
3981     3843     1140     51       2.3833049294e+03     2.1750469204e+03     8.74        1190.7
4205     4062     1202     35       2.3833049294e+03     2.1771405899e+03     8.65        1252.4
4451     4299     1256     59       2.3833049294e+03     2.1772244270e+03     8.65        1300.9
4694     4535     1293     21       2.3833049294e+03     2.1782267245e+03     8.60        1345.4
4940     4779     1327     44       2.3833049294e+03     2.1798650718e+03     8.54        1390.2
5174     5009     1387     25       2.3833049294e+03     2.1807382225e+03     8.50        1449.3
5392     5228     1469     58       2.3755915970e+03     2.1807987375e+03     8.20        1486.9
5645     5462     1530     64       2.3755915970e+03     2.1811311888e+03     8.19        1524.2
5861     5676     1574     26       2.3742416400e+03     2.1813849375e+03     8.12        1565.8
6107     5919     1622     67       2.3739420210e+03     2.1818500068e+03     8.09        1603.2
6357     6157     1650     63       2.3681226874e+03     2.1835680351e+03     7.79        1639.7
6592     6382     1721     23       2.3670364214e+03     2.1842837651e+03     7.72        1685.3
6842     6617     1785     41       2.3622284503e+03     2.1842837651e+03     7.53        1725.6
7098     6847     1817     40       2.3611421932e+03     2.1851870062e+03     7.45        1763.9
7359     7081     1854     68       2.3606451709e+03     2.1857958033e+03     7.41        1805.1
7605     7317     1906     36       2.3600952515e+03     2.1862931288e+03     7.36        1854.8
7842     7546     1937     52       2.3600952515e+03     2.1862931288e+03     7.36        1900.0
8081     7783     1978     39       2.3595980684e+03     2.1869868152e+03     7.32        1940.0
8320     8009     2017     13       2.3595980684e+03     2.1874438822e+03     7.30        1983.1
8555     8238     2048     26       2.3595980684e+03     2.1874438822e+03     7.30        2057.4
8797     8475     2094     46       2.3595980684e+03     2.1877661536e+03     7.28        2098.3
9035     8714     2142     49       2.3595980684e+03     2.1888403134e+03     7.24        2136.7
9268     8947     2189     9        2.3595980684e+03     2.1890593620e+03     7.23        2172.8
9499     9178     2266     45       2.3595980684e+03     2.1891331866e+03     7.22        2212.7
9733     9412     2358     24       2.3522912980e+03     2.1896017817e+03     6.92        2257.1
9989     9650     2418     54       2.3519667817e+03     2.1900542135e+03     6.88        2292.2
10243    9899     2464     28       2.3468847320e+03     2.1902659518e+03     6.67        2332.2
10466    10101    2505     71       2.3417231277e+03     2.1903646883e+03     6.46        2382.0
10724    10346    2549     57       2.3417231277e+03     2.1905282550e+03     6.46        2407.8
10975    10591    2588     54       2.3414357391e+03     2.1910729227e+03     6.42        2441.8
11244    10833    2593     29       2.3414357391e+03     2.1913611205e+03     6.41        2481.9
11486    11064    2625     58       2.3414357391e+03     2.1914016104e+03     6.41        2535.3
11727    11298    2660     29       2.3414357391e+03     2.1917381996e+03     6.39        2579.8
11959    11524    2680     41       2.3414357391e+03     2.1917381996e+03     6.39        2646.0
12191    11754    2730     67       2.3414357391e+03     2.1919395119e+03     6.38        2685.9
12445    11998    2756     37       2.3414357391e+03     2.1924286243e+03     6.36        2721.2
12687    12239    2814     27       2.3414357391e+03     2.1926049678e+03     6.36        2783.6
12913    12462    2850     38       2.3371307227e+03     2.1926049678e+03     6.18        2862.5
13160    12685    2881     13       2.3368065720e+03     2.1929286533e+03     6.16        2942.2
13434    12918    2871     33       2.3368065720e+03     2.1931176294e+03     6.15        2970.3
13690    13148    2871     35       2.3368065720e+03     2.1933367701e+03     6.14        3012.4
13935    13380    2902     57       2.3368065720e+03     2.1934944233e+03     6.13        3054.1
14171    13609    2902     25       2.3348581793e+03     2.1939399459e+03     6.04        3106.1
14391    13806    2906     31       2.3223090650e+03     2.1941596295e+03     5.52        3148.0
14631    14022    2926     35       2.3223090650e+03     2.1944326403e+03     5.51        3193.8
14845    14235    2972     42       2.3223090650e+03     2.1944443206e+03     5.51        3230.6
15074    14456    3009     47       2.3223090650e+03     2.1946767440e+03     5.50        3271.8
15285    14665    3056     16       2.3223090650e+03     2.1947398308e+03     5.49        3312.2
15502    14880    3113     54       2.3223090650e+03     2.1947398308e+03     5.49        3363.1
15724    15099    3167     26       2.3223090650e+03     2.1950887904e+03     5.48        3395.8
15945    15321    3220     30       2.3223090650e+03     2.1951694554e+03     5.47        3436.4
16175    15550    3282     24       2.3223090650e+03     2.1953778408e+03     5.47        3472.3
16406    15781    3347     32       2.3223090650e+03     2.1955585836e+03     5.46        3512.3
16630    16005    3383     55       2.3223090650e+03     2.1955860128e+03     5.46        3542.7
16868    16243    3445     56       2.3223090650e+03     2.1958940907e+03     5.44        3577.8
17117    16492    3494     24       2.3223090650e+03     2.1960784692e+03     5.44        3617.8
17357    16732    3524     52       2.3223090650e+03     2.1961945348e+03     5.43        3663.0
17606    16981    3569     45       2.3223090650e+03     2.1964038045e+03     5.42        3698.1
17831    17206    3614     36       2.3223090650e+03     2.1964653902e+03     5.42        3746.1
18062    17438    3647     51       2.3223090650e+03     2.1965881535e+03     5.41        3788.4
18312    17688    3681     59       2.3223090650e+03     2.1967878528e+03     5.41        3821.4
18556    17933    3719     65       2.3223090650e+03     2.1968669512e+03     5.40        3858.6
18777    18154    3748     35       2.3223090650e+03     2.1970299442e+03     5.39        3903.3
19015    18392    3780     55       2.3223090650e+03     2.1970927694e+03     5.39        3933.4
19244    18621    3809     65       2.3223090650e+03     2.1972415441e+03     5.39        3971.7
19488    18865    3835     73       2.3223090650e+03     2.1974476258e+03     5.38        4007.6
19708    19085    3871     32       2.3223090650e+03     2.1975009786e+03     5.37        4052.5
19933    19310    3894     22       2.3220107258e+03     2.1976150571e+03     5.36        4092.4
20168    19545    3921     35       2.3220107258e+03     2.1977070364e+03     5.35        4127.8
20392    19769    3983     69       2.3220107258e+03     2.1978949679e+03     5.35        4166.7
20633    20010    4040     76       2.3195571585e+03     2.1979938571e+03     5.24        4229.1
20897    20251    4052     38       2.3168470338e+03     2.1980755138e+03     5.13        4255.6
21122    20467    4087     39       2.3168470338e+03     2.1985001971e+03     5.11        4291.6
21340    20684    4113     21       2.3166376744e+03     2.1986136265e+03     5.09        4341.9
21574    20915    4133     41       2.3166376744e+03     2.1986831941e+03     5.09        4394.9
21793    21131    4164     56       2.3166376744e+03     2.1987912643e+03     5.09        4453.8
22029    21366    4208     56       2.3166376744e+03     2.1990318971e+03     5.08        4494.6
22262    21599    4249     22       2.3166376744e+03     2.1990943057e+03     5.07        4539.7
22502    21838    4275     54       2.3166376744e+03     2.1991854927e+03     5.07        4602.5
22730    22066    4295     25       2.3166376744e+03     2.1993087152e+03     5.06        4649.9
22975    22311    4324     49       2.3166376744e+03     2.1994909598e+03     5.06        4687.6
23207    22543    4348     23       2.3166376744e+03     2.1995623412e+03     5.05        4722.9
23431    22767    4374     26       2.3166376744e+03     2.1996533040e+03     5.05        4762.1
23667    23003    4430     47       2.3166376744e+03     2.1997410745e+03     5.05        4797.0
23910    23246    4499     71       2.3166376744e+03     2.1998199772e+03     5.04        4855.5
24149    23485    4556     67       2.3162666809e+03     2.1998976696e+03     5.02        4905.5
24376    23708    4597     25       2.3113931403e+03     2.1999821310e+03     4.82        4953.7
24664    23942    4569     43       2.3110584756e+03     2.2001510482e+03     4.80        4986.0
24901    24163    4586     52       2.3109716610e+03     2.2002869760e+03     4.79        5030.7
25133    24386    4604     30       2.3109716610e+03     2.2004531033e+03     4.78        5131.9
25378    24631    4647     67       2.3109716610e+03     2.2005723908e+03     4.78        5175.1
25628    24879    4679     26       2.3079581618e+03     2.2007953568e+03     4.64        5219.4
25874    25101    4689     49       2.3079581618e+03     2.2009322057e+03     4.64        5269.6
26088    25312    4717     52       2.3079581618e+03     2.2009868939e+03     4.63        5330.4
26319    25543    4740     18       2.3079581618e+03     2.2010959609e+03     4.63        5371.6
26551    25764    4754     42       2.3079581618e+03     2.2012685574e+03     4.62        5410.5
26780    25983    4785     19       2.3079581618e+03     2.2012910285e+03     4.62        5449.4
27006    26201    4795     29       2.3079581618e+03     2.2013985092e+03     4.62        5518.3
27231    26423    4806     50       2.3079581618e+03     2.2015113243e+03     4.61        5551.1
27460    26644    4823     52       2.3079581618e+03     2.2016816215e+03     4.60        5581.9
27676    26857    4845     25       2.3079581618e+03     2.2018144801e+03     4.60        5623.6
27898    27075    4853     27       2.3079581618e+03     2.2018470215e+03     4.60        5661.2
28119    27295    4876     31       2.3079581618e+03     2.2020133840e+03     4.59        5694.7
28347    27517    4900     38       2.3079581618e+03     2.2021501977e+03     4.58        5736.5
28576    27744    4921     53       2.3079581618e+03     2.2021557964e+03     4.58        5767.1
28804    27969    4951     54       2.3079581618e+03     2.2022978984e+03     4.58        5803.3
29026    28191    4983     48       2.3079581618e+03     2.2023062943e+03     4.58        5846.7
29225    28391    5020     49       2.3079581618e+03     2.2024134248e+03     4.57        5903.3
29445    28609    5052     29       2.3079581618e+03     2.2024945568e+03     4.57        5934.6
29672    28834    5085     39       2.3079581618e+03     2.2024945568e+03     4.57        5976.9
29895    29057    5110     45       2.3079581618e+03     2.2026595309e+03     4.56        6029.9
30114    29276    5143     50       2.3079581618e+03     2.2027451705e+03     4.56        6076.6
30347    29509    5180     51       2.3079581618e+03     2.2028556203e+03     4.55        6111.3
30572    29734    5195     34       2.3079581618e+03     2.2029692115e+03     4.55        6150.9
30786    29948    5231     29       2.3079581618e+03     2.2030159347e+03     4.55        6196.2
31015    30177    5250     23       2.3079581618e+03     2.2030282676e+03     4.55        6231.3
31245    30407    5268     32       2.3079581618e+03     2.2030282676e+03     4.55        6294.2
31469    30628    5282     42       2.3078637772e+03     2.2030282676e+03     4.54        6325.6
31685    30843    5324     53       2.3078637772e+03     2.2032698473e+03     4.53        6361.2
31884    31042    5363     33       2.3078637772e+03     2.2033145657e+03     4.53        6398.8
32113    31271    5426     30       2.3078637772e+03     2.2034465752e+03     4.52        6438.5
32345    31503    5474     41       2.3078637772e+03     2.2034465752e+03     4.52        6488.7
32576    31734    5497     62       2.3078637772e+03     2.2036387848e+03     4.52        6540.9
32817    31975    5538     72       2.3078637772e+03     2.2037496798e+03     4.51        6583.3
33053    32211    5592     39       2.3078637772e+03     2.2038265047e+03     4.51        6626.5
33299    32457    5610     76       2.3078637772e+03     2.2038573919e+03     4.51        6656.1
33532    32690    5631     68       2.3078637772e+03     2.2038637035e+03     4.51        6706.8
33763    32922    5652     65       2.3078637772e+03     2.2039646735e+03     4.50        6753.7
34004    33163    5675     22       2.3078637772e+03     2.2040691700e+03     4.50        6794.9
34234    33393    5685     16       2.3078637772e+03     2.2042601910e+03     4.49        6831.8
34467    33626    5718     74       2.3078637772e+03     2.2042612291e+03     4.49        6870.5
34693    33852    5742     17       2.3078637772e+03     2.2043727252e+03     4.48        6912.4
34923    34082    5766     77       2.3078637772e+03     2.2044453814e+03     4.48        6957.5
35138    34290    5781     63       2.2959968284e+03     2.2044919904e+03     3.99        6995.8
35368    34494    5811     16       2.2959968284e+03     2.2046037209e+03     3.98        7037.2
35595    34717    5834     28       2.2959968284e+03     2.2046037209e+03     3.98        7066.9
35815    34929    5842     51       2.2959968284e+03     2.2047277769e+03     3.98        7134.2
36040    35152    5849     59       2.2959968284e+03     2.2048567050e+03     3.97        7182.9

Objective of best integer solution : 2.295996828390e+03      
Best objective bound               : 2.204857267126e+03      
Initial feasible solution objective: Undefined
Construct solution objective       : Not employed
User objective cut value           : Not employed
Number of cuts generated           : 0
Number of branches                 : 36040
Number of relaxations solved       : 35152
Number of interior point iterations: 830382
Number of simplex iterations       : 0
Time spend presolving the root     : 2.56
Time spend optimizing the root     : 4.19
Mixed integer optimizer terminated. Time: 7200.25

Optimizer terminated. Time: 7200.33 

MOSEK error 2950: No dual information is available for the integer solution.
* Solver : Mosek

* Status
  Result count       : 1
  Termination status : TIME_LIMIT
  Message from the solver:
  "Mosek.MSK_RES_TRM_MAX_TIME"

* Candidate solution (result #1)
  Primal status      : FEASIBLE_POINT
  Dual status        : UNKNOWN_RESULT_STATUS
  Objective value    : 2.29600e+03
  Objective bound    : 2.20486e+03
  Relative gap       : 3.96952e-02

* Work counters
  Solve time (sec)   : 7.20033e+03
  Simplex iterations : 0
  Barrier iterations : 830382
  Node count         : 36040

The time for constructing x_order and v_order 153 milliseconds
The time for constructing optimization model is 717 milliseconds, start solving the model
Problem
  Name                   :                 
  Objective sense        : minimize        
  Type                   : LO (linear optimization problem)
  Constraints            : 20576           
  Affine conic cons.     : 0               
  Disjunctive cons.      : 0               
  Cones                  : 0               
  Scalar variables       : 27789           
  Matrix variables       : 0               
  Integer variables      : 7789            

Optimizer started.
Mixed integer optimizer started.
Threads used: 10
Presolve started.
Presolve terminated. Time = 0.05, probing time =  0.00
Clique table size: 0
BRANCHES RELAXS   ACT_NDS  DEPTH    BEST_INT_OBJ         BEST_RELAX_OBJ       REL_GAP(%)  TIME  

Objective of best integer solution : 0.000000000000e+00      
Best objective bound               : Not available.
Initial feasible solution objective: 0.000000000000e+00      
Construct solution objective       : Not employed
User objective cut value           : Not employed
Number of cuts generated           : 0
Number of branches                 : 0
Number of relaxations solved       : 0
Number of interior point iterations: 0
Number of simplex iterations       : 0
Time spend presolving the root     : 0.05
Time spend optimizing the root     : 0.00
Mixed integer optimizer terminated. Time: 0.10

Optimizer terminated. Time: 0.10    

MOSEK error 2950: No dual information is available for the integer solution.
* Solver : Mosek

* Status
  Result count       : 1
  Termination status : INFEASIBLE_OR_UNBOUNDED
  Message from the solver:
  "Mosek.MSK_SOL_STA_UNKNOWN"

* Candidate solution (result #1)
  Primal status      : UNKNOWN_RESULT_STATUS
  Dual status        : UNKNOWN_RESULT_STATUS
  Objective value    : 0.00000e+00
  Objective bound    : 0.00000e+00
  Relative gap       : -1.00000e+00

* Work counters
  Solve time (sec)   : 1.03836e-01
  Simplex iterations : 0
  Barrier iterations : 0
  Node count         : 0

