The time for constructing x_order and v_order 473 milliseconds
[0, 1, 2, 3, 4, 5, 6, 7]
Any[[74, 147, 219, 292, 365, 438, 511, 583, 656, 729], [5, 8, 12, 15, 19, 23, 26, 30, 33, 37], [8, 15, 22, 29, 36, 42, 49, 56, 63, 70], [1, 2, 3, 4, 5, 6], [1, 2, 3, 4, 5, 6], [1, 2, 3, 4, 5, 6, 7]]
Problem
  Name                   :                 
  Objective sense        : minimize        
  Type                   : CONIC (conic optimization problem)
  Constraints            : 24622           
  Affine conic cons.     : 20000           
  Disjunctive cons.      : 0               
  Cones                  : 0               
  Scalar variables       : 44342           
  Matrix variables       : 0               
  Integer variables      : 282             

Optimizer started.
Mixed integer optimizer started.
Threads used: 10
Presolve started.
Presolve terminated. Time = 2.84, probing time =  2.02
Presolved problem: 64122 variables, 24097 constraints, 160548 non-zeros
Presolved problem: 1 general integer, 260 binary, 63861 continuous
Presolved problem: 20000 cones
Clique table size: 118
BRANCHES RELAXS   ACT_NDS  DEPTH    BEST_INT_OBJ         BEST_RELAX_OBJ       REL_GAP(%)  TIME  
0        1        1        0        NA                   4.4191451487e+03     NA          10.3  
0        1        1        0        5.8389562117e+03     4.4191451487e+03     24.32       105.7 
Cut generation started.
0        1        1        0        5.8389562117e+03     4.4191451662e+03     24.32       188.0 
Cut generation terminated. Time = 0.78
8        12       9        2        5.8389562117e+03     4.4327713813e+03     24.08       265.2 
19       23       20       3        5.8389562117e+03     4.4689600677e+03     23.46       309.8 
33       37       34       6        5.8389562117e+03     4.4689600677e+03     23.46       381.9 
63       67       60       9        5.8389562117e+03     4.4689600677e+03     23.46       427.3 
123      127      98       4        4.9246389240e+03     4.5218592348e+03     8.18        507.5 
210      198      93       14       4.8221119895e+03     4.5960918162e+03     4.69        603.6 
283      268      106      9        4.7780275698e+03     4.6053810344e+03     3.61        748.3 
371      346      120      15       4.7780275698e+03     4.6053810344e+03     3.61        835.5 
452      429      131      20       4.7780275698e+03     4.6053810344e+03     3.61        914.5 
528      508      147      9        4.7780275698e+03     4.6247041065e+03     3.21        1053.2
605      590      154      16       4.7780275698e+03     4.6247041065e+03     3.21        1132.1
682      669      159      15       4.7780275698e+03     4.6250932171e+03     3.20        1208.7
765      752      162      18       4.7555988101e+03     4.6269210020e+03     2.71        1282.8
848      834      185      20       4.7555988101e+03     4.6269210020e+03     2.71        1363.2
925      913      190      18       4.7555988101e+03     4.6302045110e+03     2.64        1435.5
989      978      206      22       4.7530007554e+03     4.6302045110e+03     2.58        1541.3
1071     1059     216      22       4.7530007554e+03     4.6309726672e+03     2.57        1615.6
1153     1141     230      24       4.7530007554e+03     4.6329616987e+03     2.53        1687.6
1240     1228     251      19       4.7530007554e+03     4.6343822853e+03     2.50        1761.6
1329     1317     268      24       4.7530007554e+03     4.6343822853e+03     2.50        1834.9
1415     1403     276      29       4.7530007554e+03     4.6343822853e+03     2.50        1909.6
1503     1491     286      18       4.7485332219e+03     4.6402558405e+03     2.28        1980.9
1595     1583     286      24       4.7485332219e+03     4.6402558405e+03     2.28        2056.0
1682     1670     301      27       4.7485332219e+03     4.6402558405e+03     2.28        2125.2
1767     1755     312      22       4.7485332219e+03     4.6409268901e+03     2.27        2203.5
1850     1839     319      19       4.7469329544e+03     4.6420625058e+03     2.21        2284.7
1935     1924     314      26       4.7397573985e+03     4.6424876416e+03     2.05        2354.4
2019     2008     322      29       4.7362677250e+03     4.6431062372e+03     1.97        2427.0
2109     2094     322      26       4.7362677250e+03     4.6456074258e+03     1.91        2510.5
2193     2179     332      32       4.7362677250e+03     4.6456074258e+03     1.91        2584.8
2273     2260     320      26       4.7362677250e+03     4.6468393421e+03     1.89        2663.9
2357     2345     334      25       4.7362677250e+03     4.6489709457e+03     1.84        2732.0
2438     2426     339      29       4.7362677250e+03     4.6491673452e+03     1.84        2806.8
2523     2511     336      31       4.7362677250e+03     4.6503762122e+03     1.81        2879.2
2608     2596     337      31       4.7362677250e+03     4.6503762122e+03     1.81        2951.2
2689     2679     346      18       4.7362677250e+03     4.6505472844e+03     1.81        3022.9
2773     2763     358      29       4.7362677250e+03     4.6505472844e+03     1.81        3096.4
2864     2854     363      28       4.7362677250e+03     4.6506834480e+03     1.81        3163.2
2942     2932     373      19       4.7362677250e+03     4.6579636279e+03     1.65        3248.1
3028     3018     379      34       4.7362677250e+03     4.6594704458e+03     1.62        3318.3
3119     3109     388      39       4.7362677250e+03     4.6594704458e+03     1.62        3390.0
3207     3198     392      16       4.7362677250e+03     4.6606782385e+03     1.60        3472.1
3286     3278     395      17       4.7362677250e+03     4.6608751871e+03     1.59        3542.2

Objective of best integer solution : 4.736267725024e+03      
Best objective bound               : 4.662041841007e+03      
Initial feasible solution objective: Undefined
Construct solution objective       : Not employed
User objective cut value           : Not employed
Number of cuts generated           : 0
Number of branches                 : 3286
Number of relaxations solved       : 3278
Number of interior point iterations: 345823
Number of simplex iterations       : 0
Time spend presolving the root     : 2.84
Time spend optimizing the root     : 7.25
Mixed integer optimizer terminated. Time: 3600.17

Optimizer terminated. Time: 3600.28 

MOSEK error 2950: No dual information is available for the integer solution.
Problem
  Name                   :                 
  Objective sense        : minimize        
  Type                   : CONIC (conic optimization problem)
  Constraints            : 28202           
  Affine conic cons.     : 20000           
  Disjunctive cons.      : 0               
  Cones                  : 0               
  Scalar variables       : 44342           
  Matrix variables       : 0               
  Integer variables      : 3862            

Optimizer started.
Mixed integer optimizer started.
Threads used: 10
Presolve started.
Presolve terminated. Time = 3.86, probing time =  3.24
Presolved problem: 64242 variables, 24217 constraints, 166786 non-zeros
Presolved problem: 1 general integer, 3840 binary, 60401 continuous
Presolved problem: 20000 cones
Clique table size: 3816
BRANCHES RELAXS   ACT_NDS  DEPTH    BEST_INT_OBJ         BEST_RELAX_OBJ       REL_GAP(%)  TIME  
0        1        1        0        NA                   4.4191452042e+03     NA          10.3  
0        1        1        0        6.9214018522e+03     4.4191452042e+03     36.15       26.6  
0        1        1        0        6.3739783802e+03     4.4191452042e+03     30.67       44.9  
Cut generation started.
0        1        1        0        6.3739783802e+03     4.4191451534e+03     30.67       80.8  
Cut generation terminated. Time = 2.85
8        12       9        3        6.3739783802e+03     4.4406492848e+03     30.33       129.0 
19       23       20       3        6.3739783802e+03     4.4406492848e+03     30.33       148.5 
59       63       60       7        6.3739783802e+03     4.5125899354e+03     29.20       180.4 
119      123      110      12       6.3739783802e+03     4.5125899354e+03     29.20       208.9 
229      227      162      11       5.2191766302e+03     4.5218590977e+03     13.36       247.9 
388      310      103      10       5.0163296456e+03     4.6053547502e+03     8.19        286.5 
488      390      119      14       4.9352957920e+03     4.6604527362e+03     5.57        332.0 
598      494      131      15       4.9072205372e+03     4.6604527362e+03     5.03        367.5 
728      608      129      12       4.8950397419e+03     4.6696140525e+03     4.61        409.3 
848      719      151      21       4.8835552118e+03     4.6696140525e+03     4.38        445.4 
995      859      158      14       4.8547500549e+03     4.6796741790e+03     3.61        487.0 
1138     1000     187      15       4.8204635443e+03     4.6799564726e+03     2.91        534.2 
1285     1146     222      11       4.8204635443e+03     4.6809422791e+03     2.89        577.8 
1431     1292     218      12       4.8204635443e+03     4.6829038215e+03     2.85        621.8 
1577     1438     244      12       4.8132014277e+03     4.6829038215e+03     2.71        658.8 
1724     1585     249      19       4.8132014277e+03     4.6832549495e+03     2.70        706.6 
1870     1731     295      24       4.8132014277e+03     4.6835767281e+03     2.69        751.0 
2004     1865     311      27       4.8132014277e+03     4.6841059897e+03     2.68        796.1 
2148     2009     329      25       4.8132014277e+03     4.6843386494e+03     2.68        835.7 
2293     2154     352      28       4.8132014277e+03     4.6850362431e+03     2.66        877.8 
2437     2298     368      32       4.8132014277e+03     4.6852036042e+03     2.66        917.4 
2576     2437     391      22       4.8132014277e+03     4.6855995068e+03     2.65        959.9 
2721     2582     424      34       4.8132014277e+03     4.6855995068e+03     2.65        1000.1
2863     2724     448      30       4.8068819591e+03     4.6862762381e+03     2.51        1041.0
3003     2864     472      36       4.8068819591e+03     4.6875631604e+03     2.48        1079.7
3132     2993     509      31       4.8068819591e+03     4.6881593395e+03     2.47        1120.7
3272     3133     529      41       4.8068819591e+03     4.6884385760e+03     2.46        1160.5
3411     3272     528      34       4.8068819591e+03     4.6887528429e+03     2.46        1202.8
3554     3415     543      36       4.8068819591e+03     4.6887938264e+03     2.46        1242.2
3699     3560     548      39       4.8068819591e+03     4.6892334031e+03     2.45        1281.5
3841     3702     578      37       4.8068819591e+03     4.6894368625e+03     2.44        1321.9
3988     3849     603      30       4.8068819591e+03     4.6896094907e+03     2.44        1361.8
4130     3991     605      35       4.8068819591e+03     4.6896094907e+03     2.44        1404.5
4268     4129     591      34       4.8068819591e+03     4.6899058837e+03     2.43        1443.7
4413     4274     582      27       4.8068819591e+03     4.6900057241e+03     2.43        1487.7
4558     4419     613      39       4.8068819591e+03     4.6900057241e+03     2.43        1526.7
4690     4551     621      40       4.8068819591e+03     4.6902441663e+03     2.43        1568.5
4836     4697     623      21       4.8068819591e+03     4.6937686956e+03     2.35        1604.7
4975     4836     632      40       4.8068819591e+03     4.6939039787e+03     2.35        1648.2
5114     4975     647      33       4.8068819591e+03     4.6941891933e+03     2.34        1686.0
5261     5122     650      41       4.8068819591e+03     4.6941891933e+03     2.34        1724.0
5406     5267     683      42       4.8068819591e+03     4.6941891933e+03     2.34        1762.2
5549     5410     700      43       4.8068819591e+03     4.6986978913e+03     2.25        1802.1
5692     5553     687      45       4.8068819591e+03     4.6988870296e+03     2.25        1842.2
5840     5701     705      53       4.8060878457e+03     4.6988870296e+03     2.23        1882.0
5981     5842     722      32       4.8060878457e+03     4.6989294866e+03     2.23        1930.0
6106     5967     723      28       4.8060878150e+03     4.6991300268e+03     2.23        1973.9
6250     6111     725      50       4.8060878150e+03     4.7010152282e+03     2.19        2010.2
6394     6255     713      47       4.8060878150e+03     4.7011373588e+03     2.18        2048.9
6534     6395     719      28       4.8060878150e+03     4.7014498840e+03     2.18        2087.8
6677     6538     718      31       4.8060878150e+03     4.7018211985e+03     2.17        2126.2
6823     6684     724      25       4.8060878150e+03     4.7019921410e+03     2.17        2168.5
6968     6829     733      20       4.8060878150e+03     4.7019921410e+03     2.17        2206.4
7110     6971     759      25       4.8060878150e+03     4.7022934094e+03     2.16        2250.3
7257     7118     770      60       4.8060764043e+03     4.7023798915e+03     2.16        2290.1
7398     7259     779      53       4.8060764043e+03     4.7029140570e+03     2.15        2328.4
7547     7408     792      35       4.8060764043e+03     4.7029140570e+03     2.15        2365.8
7696     7557     785      59       4.8060764043e+03     4.7032014904e+03     2.14        2402.8
7838     7699     797      29       4.8060764043e+03     4.7035887613e+03     2.13        2441.1
7966     7827     813      33       4.8060764043e+03     4.7045217113e+03     2.11        2505.1
8110     7971     815      24       4.8060764043e+03     4.7053536891e+03     2.10        2543.4
8251     8112     830      27       4.8060764043e+03     4.7053809264e+03     2.10        2581.8
8394     8255     831      19       4.8060764043e+03     4.7053831605e+03     2.10        2619.8
8536     8397     837      37       4.8060764043e+03     4.7053831605e+03     2.10        2658.2
8676     8537     851      28       4.8060764043e+03     4.7054594378e+03     2.09        2696.4
8818     8679     869      33       4.8060764043e+03     4.7054739959e+03     2.09        2734.7
8963     8824     872      42       4.8060764043e+03     4.7074725768e+03     2.05        2771.4
9105     8966     896      67       4.8060764043e+03     4.7074725768e+03     2.05        2808.8
9252     9113     923      72       4.8060764043e+03     4.7074725768e+03     2.05        2845.3
9400     9261     939      29       4.8060764043e+03     4.7075604346e+03     2.05        2884.8
9544     9405     947      32       4.8060764043e+03     4.7075950471e+03     2.05        2922.0
9670     9531     967      72       4.8060764043e+03     4.7081688122e+03     2.04        2970.1
9810     9671     985      79       4.8060764043e+03     4.7085117958e+03     2.03        3010.3
9951     9812     986      34       4.8060764043e+03     4.7085423164e+03     2.03        3048.6
10092    9953     983      38       4.8060764043e+03     4.7085423164e+03     2.03        3090.7
10233    10094    1008     43       4.8060764043e+03     4.7085509603e+03     2.03        3132.0
10366    10227    1027     50       4.8060764043e+03     4.7085509603e+03     2.03        3172.2
10512    10373    1039     59       4.8060764043e+03     4.7085509603e+03     2.03        3214.0
10653    10514    1050     92       4.8060764043e+03     4.7085568202e+03     2.03        3255.8
10793    10654    1086     43       4.8060764043e+03     4.7085804610e+03     2.03        3295.0
10937    10798    1088     98       4.8060764043e+03     4.7086062125e+03     2.03        3332.7
11077    10938    1092     22       4.8060764043e+03     4.7086211422e+03     2.03        3372.0
11213    11074    1098     36       4.8060764043e+03     4.7112458329e+03     1.97        3417.9
11351    11212    1104     97       4.8060764043e+03     4.7112552128e+03     1.97        3458.1
11493    11354    1110     21       4.8060764043e+03     4.7112736262e+03     1.97        3499.4
11640    11501    1127     28       4.8060764043e+03     4.7112942920e+03     1.97        3542.2
11786    11647    1139     39       4.8060764043e+03     4.7113427247e+03     1.97        3580.6

Objective of best integer solution : 4.806076404269e+03      
Best objective bound               : 4.711417310102e+03      
Initial feasible solution objective: Undefined
Construct solution objective       : Not employed
User objective cut value           : Not employed
Number of cuts generated           : 0
Number of branches                 : 11786
Number of relaxations solved       : 11647
Number of interior point iterations: 600337
Number of simplex iterations       : 0
Time spend presolving the root     : 3.86
Time spend optimizing the root     : 6.24
Mixed integer optimizer terminated. Time: 3600.13

Optimizer terminated. Time: 3600.25 

MOSEK error 2950: No dual information is available for the integer solution.
Problem
  Name                   :                 
  Objective sense        : minimize        
  Type                   : CONIC (conic optimization problem)
  Constraints            : 28562           
  Affine conic cons.     : 20000           
  Disjunctive cons.      : 0               
  Cones                  : 0               
  Scalar variables       : 44342           
  Matrix variables       : 0               
  Integer variables      : 4222            

Optimizer started.
Mixed integer optimizer started.
Threads used: 10
Presolve started.
Presolve terminated. Time = 3.72, probing time =  3.12
Presolved problem: 64272 variables, 24247 constraints, 172180 non-zeros
Presolved problem: 1 general integer, 4200 binary, 60071 continuous
Presolved problem: 20000 cones
Clique table size: 4176
BRANCHES RELAXS   ACT_NDS  DEPTH    BEST_INT_OBJ         BEST_RELAX_OBJ       REL_GAP(%)  TIME  
0        1        1        0        NA                   4.4191451560e+03     NA          11.4  
0        1        1        0        6.9214017638e+03     4.4191451560e+03     36.15       47.1  
0        1        1        0        6.3739783776e+03     4.4191451560e+03     30.67       83.1  
Cut generation started.
0        1        1        0        6.3739783776e+03     4.4191451414e+03     30.67       178.6 
Cut generation terminated. Time = 3.13
8        12       9        3        6.3739783776e+03     4.4406493275e+03     30.33       291.0 
19       23       20       3        6.3739783776e+03     4.4406493275e+03     30.33       315.4 
59       63       58       7        6.3739783776e+03     4.4680214178e+03     29.90       344.1 
109      113      94       11       5.5997358418e+03     4.4680214178e+03     20.21       365.9 
199      196      110      11       5.1467956965e+03     4.5125871116e+03     12.32       388.9 
309      287      124      7        4.9248330058e+03     4.6036716318e+03     6.52        436.1 
429      390      126      13       4.9248330058e+03     4.6292230903e+03     6.00        471.7 
546      505      149      12       4.8904294763e+03     4.6602309679e+03     4.71        528.4 
685      620      152      12       4.8904294763e+03     4.6690332670e+03     4.53        575.5 
830      764      195      23       4.8904294763e+03     4.6690332670e+03     4.53        625.7 
982      916      237      13       4.8904294763e+03     4.6793536360e+03     4.32        668.4 
1132     1066     269      21       4.8400744377e+03     4.6796825540e+03     3.31        710.3 
1286     1219     327      15       4.8392921244e+03     4.6804458099e+03     3.28        753.9 
1442     1373     353      22       4.8392921244e+03     4.6804458099e+03     3.28        802.0 
1593     1524     384      24       4.8392921244e+03     4.6818687706e+03     3.25        843.4 
1727     1658     414      18       4.8392921198e+03     4.6823189181e+03     3.24        894.0 
1875     1806     468      32       4.8392921198e+03     4.6823189181e+03     3.24        933.2 
2027     1958     488      18       4.8392921198e+03     4.6832173344e+03     3.23        977.8 
2171     2102     528      29       4.8280233858e+03     4.6832173344e+03     3.00        1020.6
2320     2251     549      15       4.8267502199e+03     4.6834100372e+03     2.97        1066.7
2466     2397     557      28       4.8267502199e+03     4.6841452006e+03     2.95        1108.9
2620     2551     599      25       4.8267502199e+03     4.6844609381e+03     2.95        1149.4
2772     2703     627      27       4.8267502199e+03     4.6846665417e+03     2.94        1190.7
2905     2836     642      22       4.8166272441e+03     4.6850183380e+03     2.73        1244.4
3050     2981     669      31       4.8166272441e+03     4.6850183380e+03     2.73        1286.8
3205     3136     688      23       4.8166272441e+03     4.6865470143e+03     2.70        1330.1
3359     3290     714      33       4.8166272441e+03     4.6865470143e+03     2.70        1368.7
3517     3448     726      28       4.8166272441e+03     4.6885761694e+03     2.66        1407.9
3660     3591     753      35       4.8166272441e+03     4.6885761694e+03     2.66        1451.2
3802     3733     807      35       4.8166272441e+03     4.6928764509e+03     2.57        1492.7
3955     3886     818      37       4.8166272441e+03     4.6928764509e+03     2.57        1531.8
4101     4032     840      35       4.8166272441e+03     4.6929492715e+03     2.57        1575.3
4252     4183     867      41       4.8166272441e+03     4.6930230391e+03     2.57        1619.6
4395     4326     894      37       4.8166272441e+03     4.6937314224e+03     2.55        1661.8
4538     4469     909      40       4.8166272441e+03     4.6946240328e+03     2.53        1706.6
4679     4610     928      18       4.8166272441e+03     4.6983658822e+03     2.46        1757.2
4830     4761     955      39       4.8166272441e+03     4.6986508377e+03     2.45        1799.6
4982     4913     961      43       4.8166272441e+03     4.6987580704e+03     2.45        1839.3
5135     5066     986      21       4.8166272441e+03     4.6989668292e+03     2.44        1877.8
5287     5218     1022     24       4.8166272441e+03     4.6990959768e+03     2.44        1919.6
5424     5355     1029     27       4.8166272441e+03     4.6991480148e+03     2.44        1963.9
5569     5500     1048     26       4.8166272441e+03     4.6998709752e+03     2.42        2004.3
5721     5652     1090     11       4.8166272441e+03     4.7000468982e+03     2.42        2049.7
5871     5802     1130     39       4.8166272441e+03     4.7002416329e+03     2.42        2091.7
6027     5958     1150     30       4.8166272441e+03     4.7002416329e+03     2.42        2130.9
6182     6113     1169     38       4.8166272441e+03     4.7007995793e+03     2.40        2171.2
6335     6266     1178     27       4.8166272441e+03     4.7009921581e+03     2.40        2210.3
6488     6419     1195     27       4.8166272441e+03     4.7012824506e+03     2.39        2251.1
6646     6577     1225     24       4.8166272441e+03     4.7022269932e+03     2.38        2291.4
6799     6730     1242     31       4.8166272441e+03     4.7045025982e+03     2.33        2332.1
6945     6876     1256     14       4.8166272441e+03     4.7048483548e+03     2.32        2374.3
7100     7031     1275     31       4.8166272441e+03     4.7049112963e+03     2.32        2414.2
7251     7182     1288     40       4.8166272441e+03     4.7053312669e+03     2.31        2456.2
7406     7337     1297     29       4.8166272441e+03     4.7053402155e+03     2.31        2498.3
7537     7468     1322     53       4.8166272441e+03     4.7053886579e+03     2.31        2540.7
7685     7616     1352     60       4.8166272441e+03     4.7053886579e+03     2.31        2581.6
7838     7769     1381     49       4.8166272441e+03     4.7055382304e+03     2.31        2621.8
7980     7911     1409     38       4.8166272441e+03     4.7055382304e+03     2.31        2665.5
8128     8060     1419     53       4.8166272441e+03     4.7056154528e+03     2.30        2704.7
8280     8212     1451     60       4.8166272441e+03     4.7056154528e+03     2.30        2743.2
8436     8368     1471     38       4.8166272441e+03     4.7056427505e+03     2.30        2785.9
8591     8523     1486     40       4.8166272441e+03     4.7057950807e+03     2.30        2828.1
8740     8672     1497     42       4.8166272441e+03     4.7057950807e+03     2.30        2871.9
8880     8812     1519     39       4.8166272441e+03     4.7061159643e+03     2.29        2916.5
9031     8963     1548     33       4.8166272441e+03     4.7064616446e+03     2.29        2958.1
9186     9118     1565     59       4.8166272441e+03     4.7064616446e+03     2.29        2996.9
9344     9276     1575     30       4.8166272441e+03     4.7064616446e+03     2.29        3036.6
9494     9426     1611     31       4.8166272441e+03     4.7064796758e+03     2.29        3078.2
9652     9584     1617     61       4.8166272441e+03     4.7070122513e+03     2.28        3115.8
9808     9740     1631     29       4.8166272441e+03     4.7070122513e+03     2.28        3152.7
9958     9890     1647     35       4.8166272441e+03     4.7070902472e+03     2.27        3206.8
10101    10033    1664     65       4.8166272441e+03     4.7073150795e+03     2.27        3259.5
10247    10179    1684     74       4.8166272441e+03     4.7073150795e+03     2.27        3311.1
10392    10324    1713     37       4.8166272441e+03     4.7073389983e+03     2.27        3363.3
10538    10470    1755     23       4.8166272441e+03     4.7074296220e+03     2.27        3417.7
10687    10619    1768     66       4.8166272441e+03     4.7079312723e+03     2.26        3472.3
10837    10769    1782     66       4.8166272441e+03     4.7081092812e+03     2.25        3530.2
10987    10919    1794     68       4.8166272441e+03     4.7083147210e+03     2.25        3584.8

Objective of best integer solution : 4.816627244147e+03      
Best objective bound               : 4.708314720974e+03      
Initial feasible solution objective: Undefined
Construct solution objective       : Not employed
User objective cut value           : Not employed
Number of cuts generated           : 0
Number of branches                 : 10987
Number of relaxations solved       : 10919
Number of interior point iterations: 520530
Number of simplex iterations       : 0
Time spend presolving the root     : 3.72
Time spend optimizing the root     : 7.49
Mixed integer optimizer terminated. Time: 3600.08

Optimizer terminated. Time: 3600.22 

MOSEK error 2950: No dual information is available for the integer solution.
Any[[2, 3, 4, 5, 6, 7, 8, 9, 10, 11, 12, 13, 14, 15, 16, 17, 18, 19, 20, 21, 22, 23, 24, 25, 26, 27, 28, 29, 30, 31, 32, 33, 34, 35, 36, 37, 38, 39, 40, 41, 42, 43, 44, 45, 46, 47, 48, 49, 50, 51, 52, 53, 54, 55, 56, 57, 58, 59, 60, 61, 62, 63, 64, 65, 66, 67, 68, 69, 70, 71, 72, 73, 74, 75, 76, 77, 78, 79, 80, 81, 82, 83, 84, 85, 86, 87, 88, 89, 90, 91, 92, 93, 94, 95, 96, 97, 98, 99, 100, 101, 102, 103, 104, 105, 106, 107, 108, 109, 110, 111, 112, 113, 114, 115, 116, 117, 118, 119, 120, 121, 122, 123, 124, 125, 126, 127, 128, 129, 130, 131, 132, 133, 134, 135, 136, 137, 138, 139, 140, 141, 142, 143, 144, 145, 146, 147, 148, 149, 150, 151, 152, 153, 154, 155, 156, 157, 158, 159, 160, 161, 162, 163, 164, 165, 166, 167, 168, 169, 170, 171, 172, 173, 174, 175, 176, 177, 178, 179, 180, 181, 182, 183, 184, 185, 186, 187, 188, 189, 190, 191, 192, 193, 194, 195, 196, 197, 198, 199, 200, 201, 202, 203, 204, 205, 206, 207, 208, 209, 210, 211, 212, 213, 214, 215, 216, 217, 218, 219, 220, 221, 222, 223, 224, 225, 226, 227, 228, 229, 230, 231, 232, 233, 234, 235, 236, 237, 238, 239, 240, 241, 242, 243, 244, 245, 246, 247, 248, 249, 250, 251, 252, 253, 254, 255, 256, 257, 258, 259, 260, 261, 262, 263, 264, 265, 266, 267, 268, 269, 270, 271, 272, 273, 274, 275, 276, 277, 278, 279, 280, 281, 282, 283, 284, 285, 286, 287, 288, 289, 290, 291, 292, 293, 294, 295, 296, 297, 298, 299, 300, 301, 302, 303, 304, 305, 306, 307, 308, 309, 310, 311, 312, 313, 314, 315, 316, 317, 318, 319, 320, 321, 322, 323, 324, 325, 326, 327, 328, 329, 330, 331, 332, 333, 334, 335, 336, 337, 338, 339, 340, 341, 342, 343, 344, 345, 346, 347, 348, 349, 350, 351, 352, 353, 354, 355, 356, 357, 358, 359, 360, 361, 362, 363, 364, 365, 366, 367, 368, 369, 370, 371, 372, 373, 374, 375, 376, 377, 378, 379, 380, 381, 382, 383, 384, 385, 386, 387, 388, 389, 390, 391, 392, 393, 394, 395, 396, 397, 398, 399, 400, 401, 402, 403, 404, 405, 406, 407, 408, 409, 410, 411, 412, 413, 414, 415, 416, 417, 418, 419, 420, 421, 422, 423, 424, 425, 426, 427, 428, 429, 430, 431, 432, 433, 434, 435, 436, 437, 438, 439, 440, 441, 442, 443, 444, 445, 446, 447, 448, 449, 450, 451, 452, 453, 454, 455, 456, 457, 458, 459, 460, 461, 462, 463, 464, 465, 466, 467, 468, 469, 470, 471, 472, 473, 474, 475, 476, 477, 478, 479, 480, 481, 482, 483, 484, 485, 486, 487, 488, 489, 490, 491, 492, 493, 494, 495, 496, 497, 498, 499, 500, 501, 502, 503, 504, 505, 506, 507, 508, 509, 510, 511, 512, 513, 514, 515, 516, 517, 518, 519, 520, 521, 522, 523, 524, 525, 526, 527, 528, 529, 530, 531, 532, 533, 534, 535, 536, 537, 538, 539, 540, 541, 542, 543, 544, 545, 546, 547, 548, 549, 550, 551, 552, 553, 554, 555, 556, 557, 558, 559, 560, 561, 562, 563, 564, 565, 566, 567, 568, 569, 570, 571, 572, 573, 574, 575, 576, 577, 578, 579, 580, 581, 582, 583, 584, 585, 586, 587, 588, 589, 590, 591, 592, 593, 594, 595, 596, 597, 598, 599, 600, 601, 602, 603, 604, 605, 606, 607, 608, 609, 610, 611, 612, 613, 614, 615, 616, 617, 618, 619, 620, 621, 622, 623, 624, 625, 626, 627, 628, 629, 630, 631, 632, 633, 634, 635, 636, 637, 638, 639, 640, 641, 642, 643, 644, 645, 646, 647, 648, 649, 650, 651, 652, 653, 654, 655, 656, 657, 658, 659, 660, 661, 662, 663, 664, 665, 666, 667, 668, 669, 670, 671, 672, 673, 674, 675, 676, 677, 678, 679, 680, 681, 682, 683, 684, 685, 686, 687, 688, 689, 690, 691, 692, 693, 694, 695, 696, 697, 698, 699, 700, 701, 702, 703, 704, 705, 706, 707, 708, 709, 710, 711, 712, 713, 714, 715, 716, 717, 718, 719, 720, 721, 722, 723, 724, 725, 726, 727, 728, 729], [5, 8, 12, 13, 14, 15, 16, 17, 18, 19, 20, 21, 22, 23, 24, 25, 26, 27, 28, 29, 30, 31, 32, 33, 34, 35, 36, 37], [8, 10, 11, 12, 13, 14, 15, 16, 17, 18, 19, 20, 21, 22, 23, 24, 25, 26, 27, 28, 29, 30, 31, 32, 33, 34, 35, 36, 37, 38, 39, 40, 41, 42, 43, 44, 45, 46, 47, 48, 49, 50, 51, 52, 53, 54, 55, 56, 57, 58, 59, 60, 61, 62, 63, 64, 65, 66, 67, 68, 69, 70], [1, 2, 3, 4, 5, 6], [1, 2, 3, 4, 5, 6], [1, 2, 3, 4, 5, 6, 7]]