****************************** LPM ******************************

Problem
  Name                   :                 
  Objective sense        : minimize        
  Type                   : CONIC (conic optimization problem)
  Constraints            : 27450           
  Affine conic cons.     : 1               
  Disjunctive cons.      : 0               
  Cones                  : 0               
  Scalar variables       : 28567           
  Matrix variables       : 0               
  Integer variables      : 11606           

Optimizer started.
Mixed integer optimizer started.
Threads used: 20
Presolve started.
Presolve terminated. Time = 2.20, probing time =  1.83
Presolved problem: 15683 variables, 15620 constraints, 229715 non-zeros
Presolved problem: 1 general integer, 11440 binary, 4242 continuous
Presolved problem: 1 cones
Clique table size: 11380
BRANCHES RELAXS   ACT_NDS  DEPTH    BEST_INT_OBJ         BEST_RELAX_OBJ       REL_GAP(%)  TIME  
0        0        1        0        0.0000000000e+00     NA                   NA          2.3   
0        1        1        0        0.0000000000e+00     -3.4529185665e-02    3.45e+10    8.7   
Cut generation started.
0        1        1        0        0.0000000000e+00     -3.4527595359e-02    3.45e+10    174.1 
Cut generation terminated. Time = 14.74
8        12       9        2        0.0000000000e+00     -3.4239863527e-02    3.42e+10    356.2 
19       23       20       5        0.0000000000e+00     -3.3199199906e-02    3.32e+10    423.9 
34       40       33       6        0.0000000000e+00     -3.1480586243e-02    3.15e+10    468.9 
44       51       37       7        0.0000000000e+00     -3.1480586243e-02    3.15e+10    493.7 
60       70       49       8        0.0000000000e+00     -3.1336614202e-02    3.13e+10    521.2 
92       108      63       10       0.0000000000e+00     -3.1265106614e-02    3.13e+10    571.1 
152      177      93       7        0.0000000000e+00     -3.1053453883e-02    3.11e+10    641.2 
232      264      105      13       0.0000000000e+00     -3.0654688753e-02    3.07e+10    719.9 
332      376      123      15       0.0000000000e+00     -3.0654688753e-02    3.07e+10    835.9 
452      511      137      18       0.0000000000e+00     -3.0654688753e-02    3.07e+10    945.6 
572      649      145      21       0.0000000000e+00     -3.0654688753e-02    3.07e+10    1078.5
712      801      145      19       0.0000000000e+00     -3.0115663970e-02    3.01e+10    1205.2
852      953      163      18       0.0000000000e+00     -3.0085681980e-02    3.01e+10    1311.5
1012     1133     183      15       0.0000000000e+00     -3.0033597018e-02    3.00e+10    1455.9
1192     1321     207      13       0.0000000000e+00     -2.9960951602e-02    3.00e+10    1584.4
1392     1532     233      18       0.0000000000e+00     -2.9960951602e-02    3.00e+10    1750.0
1612     1763     235      20       0.0000000000e+00     -2.9127407215e-02    2.91e+10    1883.1
1832     1990     261      23       0.0000000000e+00     -2.8522101141e-02    2.85e+10    2010.3
2092     2256     297      31       0.0000000000e+00     -2.8216368363e-02    2.82e+10    2145.5
2372     2539     327      38       0.0000000000e+00     -2.8216368363e-02    2.82e+10    2288.4
2692     2866     375      25       0.0000000000e+00     -2.8173009202e-02    2.82e+10    2455.5
3052     3229     429      73       0.0000000000e+00     -2.6802233881e-02    2.68e+10    2617.3
3472     3662     489      29       0.0000000000e+00     -2.6535803659e-02    2.65e+10    2811.8
3941     4148     568      25       0.0000000000e+00     -2.6298476321e-02    2.63e+10    3076.3
4424     4645     693      65       0.0000000000e+00     -2.5321111222e-02    2.53e+10    3309.8
4927     5157     766      48       0.0000000000e+00     -2.5043743529e-02    2.50e+10    3513.7
5428     5668     853      61       0.0000000000e+00     -2.5043743529e-02    2.50e+10    3703.2
5938     6182     909      73       0.0000000000e+00     -2.5043743529e-02    2.50e+10    3753.8
6423     6669     950      34       0.0000000000e+00     -2.5043743529e-02    2.50e+10    3815.8
6935     7185     980      48       0.0000000000e+00     -2.3461379754e-02    2.35e+10    3863.9
7449     7704     1034     61       0.0000000000e+00     -2.3116111763e-02    2.31e+10    3946.5
7960     8221     1097     75       0.0000000000e+00     -2.3106831603e-02    2.31e+10    4089.7
8475     8743     1154     78       0.0000000000e+00     -1.6581809973e-02    1.66e+10    4145.0
8989     9261     1188     46       0.0000000000e+00     -1.5745999486e-02    1.57e+10    4264.9
9497     9772     1218     59       0.0000000000e+00     -1.5745999486e-02    1.57e+10    4307.4
10005    10286    1242     72       0.0000000000e+00     -1.5745999486e-02    1.57e+10    4380.6
10515    10803    1270     84       0.0000000000e+00     -1.5745999486e-02    1.57e+10    4450.3
11024    11317    1301     42       0.0000000000e+00     -1.5696570659e-02    1.57e+10    4547.3
11506    11801    1335     78       0.0000000000e+00     -1.5209228701e-02    1.52e+10    4593.0
12012    12312    1363     89       0.0000000000e+00     -1.5209228701e-02    1.52e+10    4683.6
12519    12822    1382     44       0.0000000000e+00     -1.4450991957e-02    1.45e+10    4809.7
13027    13332    1398     56       0.0000000000e+00     -1.3536393589e-02    1.35e+10    4833.5
13534    13842    1425     69       0.0000000000e+00     -1.3003076707e-02    1.30e+10    4913.4
14037    14351    1440     85       0.0000000000e+00     -1.2979303819e-02    1.30e+10    4999.7
14540    14857    1467     79       0.0000000000e+00     -1.2955812196e-02    1.30e+10    5121.5
15044    15363    1481     91       0.0000000000e+00     -1.2926276760e-02    1.29e+10    5253.4
15552    15874    1499     56       0.0000000000e+00     -1.2401294868e-02    1.24e+10    5360.2
16066    16388    1501     69       0.0000000000e+00     -1.2401294868e-02    1.24e+10    5394.4
16557    16883    1520     81       0.0000000000e+00     -1.2401294868e-02    1.24e+10    5447.1
17071    17397    1538     86       0.0000000000e+00     -1.2401294868e-02    1.24e+10    5505.4
17580    17907    1543     86       0.0000000000e+00     -1.1558678736e-02    1.16e+10    5585.6
18081    18416    1554     95       0.0000000000e+00     -1.1484455915e-02    1.15e+10    5682.8
18584    18921    1563     71       0.0000000000e+00     -1.1123798627e-02    1.11e+10    5748.1
19096    19436    1569     81       0.0000000000e+00     -1.1032506985e-02    1.10e+10    5853.6
19608    19950    1579     42       0.0000000000e+00     -1.0442580168e-02    1.04e+10    5926.9
20118    20462    1587     45       0.0000000000e+00     -1.0234970102e-02    1.02e+10    5983.1
20620    20966    1583     57       0.0000000000e+00     -9.8638920285e-03    9.86e+09    6104.6
21094    21440    1577     83       0.0000000000e+00     -9.7632939453e-03    9.76e+09    6160.4
21600    21952    1565     46       0.0000000000e+00     -9.7632939453e-03    9.76e+09    6286.9
22110    22463    1577     82       0.0000000000e+00     -9.7246262462e-03    9.72e+09    6386.8
22621    22974    1578     65       0.0000000000e+00     -9.6178053115e-03    9.62e+09    6568.5
23134    23487    1573     81       0.0000000000e+00     -9.4940394272e-03    9.49e+09    6647.5
23637    23992    1566     91       0.0000000000e+00     -9.1121593063e-03    9.11e+09    6717.7
24146    24503    1571     86       0.0000000000e+00     -9.0018060180e-03    9.00e+09    6807.9
24642    25012    1585     69       0.0000000000e+00     -8.8652702634e-03    8.87e+09    7078.4

Objective of best integer solution : 0.000000000000e+00      
Best objective bound               : -8.865270263420e-03     
Initial feasible solution objective: Undefined
Construct solution objective       : Not employed
User objective cut value           : Not employed
Number of cuts generated           : 0
Number of branches                 : 24642
Number of relaxations solved       : 25012
Number of interior point iterations: 478910
Number of simplex iterations       : 0
Time spend presolving the root     : 2.20
Time spend optimizing the root     : 6.43
Mixed integer optimizer terminated. Time: 7200.71

Optimizer terminated. Time: 7200.83 

Something else
  objective value = 0.0
MOSEK error 2950: No dual information is available for the integer solution.
