The time for constructing x_order and v_order 468 milliseconds
[1, 2, 3, 4, 5, 6, 7, 8, 9, 10][1.0, 0.36787944117144233, 0.1353352832366127, 0.049787068367863944, 0.01831563888873418, 0.006737946999085467, 0.0024787521766663585, 0.0009118819655545162, 0.00033546262790251185, 0.00012340980408667956]The time for constructing optimization model is 7561 milliseconds, start solving the model
Problem
  Name                   :                 
  Objective sense        : minimize        
  Type                   : LO (linear optimization problem)
  Constraints            : 243836          
  Affine conic cons.     : 0               
  Disjunctive cons.      : 0               
  Cones                  : 0               
  Scalar variables       : 51919           
  Matrix variables       : 0               
  Integer variables      : 11919           

Optimizer started.
Mixed integer optimizer started.
Threads used: 10
Presolve started.
Presolve terminated. Time = 7.08, probing time =  1.82
Presolved problem: 41721 variables, 221648 constraints, 933660 non-zeros
Presolved problem: 10001 general integer, 11720 binary, 20000 continuous
Clique table size: 11648
BRANCHES RELAXS   ACT_NDS  DEPTH    BEST_INT_OBJ         BEST_RELAX_OBJ       REL_GAP(%)  TIME  
0        0        1        0        0.0000000000e+00     NA                   NA          7.5   
0        1        1        0        0.0000000000e+00     -2.4476627040e+04    2.45e+16    34.2  
0        1        1        0        -2.0573977755e+04    -2.4476627040e+04    18.97       73.9  
0        1        1        0        -2.4062753023e+04    -2.4476627040e+04    1.72        92.5  
Cut generation started.
0        1        1        0        -2.4062753023e+04    -2.4476627040e+04    1.72        102.4 
Cut generation terminated. Time = 3.38
0        11       1        0        -2.4072785821e+04    -2.4476208148e+04    1.68        193.4 
7        23       1        0        -2.4072785821e+04    -2.4476208148e+04    1.68        225.9 
18       34       1        0        -2.4072785821e+04    -2.4476208148e+04    1.68        258.6 
38       54       1        0        -2.4072785821e+04    -2.4476208148e+04    1.68        317.8 
65       81       1        0        -2.4072785821e+04    -2.4476208148e+04    1.68        348.0 
101      117      1        0        -2.4072785821e+04    -2.4476208148e+04    1.68        372.0 
147      163      1        0        -2.4072785821e+04    -2.4476208148e+04    1.68        396.1 
203      219      1        0        -2.4072785821e+04    -2.4476208148e+04    1.68        408.7 
260      276      1        0        -2.4091327520e+04    -2.4476208148e+04    1.60        420.2 
310      321      1        0        -2.4091327520e+04    -2.4476208148e+04    1.60        438.3 
371      381      1        0        -2.4092271502e+04    -2.4476208148e+04    1.59        451.1 
392      401      1        0        -2.4092271502e+04    -2.4476208148e+04    1.59        467.2 
449      458      1        0        -2.4092271502e+04    -2.4476208148e+04    1.59        482.7 
491      499      1        0        -2.4092271502e+04    -2.4476208148e+04    1.59        497.1 
545      553      1        0        -2.4092271502e+04    -2.4476208148e+04    1.59        509.9 
608      616      1        0        -2.4092271502e+04    -2.4476208148e+04    1.59        524.4 
689      696      1        0        -2.4100753288e+04    -2.4476208148e+04    1.56        535.8 
709      716      1        0        -2.4101949166e+04    -2.4476208148e+04    1.55        552.3 
764      771      1        0        -2.4101949166e+04    -2.4476208148e+04    1.55        575.2 
816      820      1        0        -2.4101949166e+04    -2.4476208148e+04    1.55        597.1 
860      863      1        0        -2.4102726838e+04    -2.4476208148e+04    1.55        611.9 
910      912      1        0        -2.4102726838e+04    -2.4476208148e+04    1.55        624.7 
971      973      1        0        -2.4102726838e+04    -2.4476208148e+04    1.55        640.1 
1017     1018     1        0        -2.4102726838e+04    -2.4476208148e+04    1.55        657.9 
1030     1031     14       3        -2.4102726838e+04    -2.4456330216e+04    1.47        716.0 
1041     1042     25       4        -2.4102726838e+04    -2.4445530295e+04    1.42        733.2 
1056     1057     40       6        -2.4102726838e+04    -2.4436782654e+04    1.39        757.2 
1082     1083     66       7        -2.4102726838e+04    -2.4435664289e+04    1.38        813.4 
1112     1113     94       10       -2.4102726838e+04    -2.4435147718e+04    1.38        846.4 
1142     1143     116      13       -2.4102726838e+04    -2.4435147718e+04    1.38        885.0 
1184     1185     128      8        -2.4102726838e+04    -2.4434095051e+04    1.37        910.9 
1231     1232     153      9        -2.4102726838e+04    -2.4427074155e+04    1.35        955.7 
1278     1279     176      9        -2.4102726838e+04    -2.4427074155e+04    1.35        1006.1
1321     1322     191      12       -2.4102726838e+04    -2.4416434226e+04    1.30        1042.6
1360     1361     222      16       -2.4102726838e+04    -2.4416434226e+04    1.30        1097.7
1405     1406     245      18       -2.4102726838e+04    -2.4416434226e+04    1.30        1198.0
1446     1447     274      21       -2.4102726838e+04    -2.4416434226e+04    1.30        1226.0
1470     1471     292      24       -2.4102726838e+04    -2.4416434226e+04    1.30        1269.7
1507     1508     319      29       -2.4102726838e+04    -2.4416434226e+04    1.30        1312.0
1540     1541     338      10       -2.4102726838e+04    -2.4412623579e+04    1.29        1361.0
1568     1569     360      9        -2.4102726838e+04    -2.4411174109e+04    1.28        1384.4
1605     1606     393      5        -2.4102726838e+04    -2.4411174109e+04    1.28        1402.5
1642     1643     418      11       -2.4102726838e+04    -2.4409102556e+04    1.27        1436.2
1711     1712     455      9        -2.4102726838e+04    -2.4409102556e+04    1.27        1477.3
1751     1752     465      11       -2.4102726838e+04    -2.4409102556e+04    1.27        1508.6
1775     1776     483      11       -2.4102726838e+04    -2.4409102556e+04    1.27        1586.4
1831     1832     499      11       -2.4102726838e+04    -2.4406152883e+04    1.26        1611.9
1878     1879     532      7        -2.4102726838e+04    -2.4406152883e+04    1.26        1643.6
1917     1918     559      9        -2.4102726838e+04    -2.4406152883e+04    1.26        1673.6
1945     1946     585      16       -2.4102726838e+04    -2.4399584120e+04    1.23        1716.8
1981     1982     609      6        -2.4102726838e+04    -2.4399584120e+04    1.23        1753.9
2007     2008     631      14       -2.4102726838e+04    -2.4392736525e+04    1.20        1791.2
2039     2040     657      17       -2.4102726838e+04    -2.4392736525e+04    1.20        1881.8
2078     2079     684      19       -2.4102726838e+04    -2.4392736525e+04    1.20        1915.9
2119     2120     719      14       -2.4102726838e+04    -2.4391669328e+04    1.20        1950.5
2168     2169     748      9        -2.4102726838e+04    -2.4391669328e+04    1.20        1984.9
2219     2220     781      18       -2.4102726838e+04    -2.4391270628e+04    1.20        2024.7
2269     2270     819      15       -2.4102726838e+04    -2.4391270628e+04    1.20        2047.6
2325     2326     843      15       -2.4102726838e+04    -2.4391270628e+04    1.20        2079.0
2377     2378     863      10       -2.4102726838e+04    -2.4389887441e+04    1.19        2114.9
2413     2414     885      8        -2.4102726838e+04    -2.4389887441e+04    1.19        2147.0
2444     2445     910      8        -2.4102726838e+04    -2.4387178533e+04    1.18        2171.6
2448     2449     914      8        -2.4130495883e+04    -2.4387178533e+04    1.06        2217.5
2480     2477     936      24       -2.4130495883e+04    -2.4387178533e+04    1.06        2240.2
2526     2522     964      30       -2.4130495883e+04    -2.4387178533e+04    1.06        2294.5
2569     2564     975      12       -2.4130495883e+04    -2.4387178533e+04    1.06        2327.4
2617     2611     999      17       -2.4130495883e+04    -2.4384849357e+04    1.05        2358.0
2679     2669     1023     9        -2.4130495883e+04    -2.4384049574e+04    1.05        2384.7
2711     2701     1045     10       -2.4130495883e+04    -2.4383670527e+04    1.05        2414.3
2744     2731     1062     9        -2.4130495883e+04    -2.4382061690e+04    1.04        2446.5
2782     2765     1086     9        -2.4130495883e+04    -2.4382061690e+04    1.04        2466.3
2825     2806     1117     11       -2.4130495883e+04    -2.4382061690e+04    1.04        2485.1
2874     2852     1148     12       -2.4130495883e+04    -2.4382061690e+04    1.04        2519.2
2897     2875     1155     16       -2.4130495883e+04    -2.4382061690e+04    1.04        2577.7
2944     2921     1174     9        -2.4130495883e+04    -2.4381133365e+04    1.04        2604.9
2986     2960     1202     19       -2.4130495883e+04    -2.4381133365e+04    1.04        2626.3
3038     3009     1214     10       -2.4130495883e+04    -2.4381133365e+04    1.04        2648.1
3095     3063     1237     18       -2.4130495883e+04    -2.4377130475e+04    1.02        2667.6
3122     3087     1250     11       -2.4130495883e+04    -2.4376627813e+04    1.02        2693.7
3165     3124     1265     12       -2.4130495883e+04    -2.4376414818e+04    1.02        2722.6
3215     3173     1297     16       -2.4130495883e+04    -2.4376414818e+04    1.02        2742.4
3276     3234     1318     13       -2.4130495883e+04    -2.4376414818e+04    1.02        2767.2
3308     3266     1340     17       -2.4130495883e+04    -2.4376414818e+04    1.02        2790.8
3342     3297     1354     22       -2.4130495883e+04    -2.4376414818e+04    1.02        2872.4
3390     3342     1376     29       -2.4130495883e+04    -2.4376414818e+04    1.02        2892.3
3442     3392     1394     8        -2.4130495883e+04    -2.4374990676e+04    1.01        2915.8
3493     3442     1417     21       -2.4130495883e+04    -2.4374990676e+04    1.01        2935.1
3538     3487     1450     19       -2.4130495883e+04    -2.4374977742e+04    1.01        2955.5
3589     3537     1479     26       -2.4130495883e+04    -2.4374439447e+04    1.01        2980.0
3644     3592     1504     8        -2.4130495883e+04    -2.4373850608e+04    1.01        3008.3
3693     3641     1519     12       -2.4130495883e+04    -2.4373850608e+04    1.01        3027.2
3745     3693     1537     20       -2.4130495883e+04    -2.4373850608e+04    1.01        3052.9
3822     3770     1560     26       -2.4130495883e+04    -2.4373850608e+04    1.01        3084.8
3875     3823     1577     6        -2.4130495883e+04    -2.4373472414e+04    1.01        3100.9
3897     3845     1583     6        -2.4130495883e+04    -2.4373472414e+04    1.01        3140.8
3942     3890     1612     14       -2.4130495883e+04    -2.4372250684e+04    1.00        3172.9
4001     3949     1637     12       -2.4130495883e+04    -2.4372099140e+04    1.00        3204.3
4055     4003     1661     7        -2.4130495883e+04    -2.4370945146e+04    1.00        3240.0
4131     4079     1689     36       -2.4130495883e+04    -2.4370945146e+04    1.00        3258.9
4199     4147     1719     37       -2.4130495883e+04    -2.4370583577e+04    0.99        3287.8
4268     4216     1730     18       -2.4130495883e+04    -2.4370211921e+04    0.99        3301.3
4326     4274     1744     20       -2.4130495883e+04    -2.4369096896e+04    0.99        3317.6
4336     4284     1750     20       -2.4145385909e+04    -2.4369096896e+04    0.93        3359.4
4401     4343     1757     34       -2.4145385909e+04    -2.4367628281e+04    0.92        3376.4
4463     4405     1785     11       -2.4145385909e+04    -2.4367158584e+04    0.92        3406.3
4534     4476     1812     26       -2.4145385909e+04    -2.4367158584e+04    0.92        3424.1
4573     4515     1829     20       -2.4145385909e+04    -2.4366510496e+04    0.92        3455.0
4659     4601     1851     32       -2.4145385909e+04    -2.4366445915e+04    0.92        3491.1
4712     4654     1866     15       -2.4145385909e+04    -2.4366071343e+04    0.91        3505.0
4767     4709     1883     32       -2.4145385909e+04    -2.4365653078e+04    0.91        3530.6
4838     4780     1900     13       -2.4145385909e+04    -2.4365302813e+04    0.91        3552.0
4910     4852     1928     32       -2.4145385909e+04    -2.4365167060e+04    0.91        3573.9
4969     4911     1953     23       -2.4145385909e+04    -2.4364976336e+04    0.91        3587.5
5001     4943     1967     23       -2.4145385909e+04    -2.4364976336e+04    0.91        3685.6
5079     5021     1987     27       -2.4145385909e+04    -2.4364976336e+04    0.91        3701.7
5161     5103     1997     31       -2.4145385909e+04    -2.4364976336e+04    0.91        3718.5
5231     5173     2005     35       -2.4145385909e+04    -2.4364976336e+04    0.91        3736.7
5295     5237     2021     39       -2.4145385909e+04    -2.4364976336e+04    0.91        3755.4
5371     5313     2035     42       -2.4145385909e+04    -2.4364976336e+04    0.91        3787.9
5436     5378     2046     45       -2.4145385909e+04    -2.4364976336e+04    0.91        3813.5
5494     5436     2074     26       -2.4145385909e+04    -2.4362708960e+04    0.90        3827.9
5540     5482     2088     16       -2.4145385909e+04    -2.4362708960e+04    0.90        3845.0
5577     5519     2113     21       -2.4145385909e+04    -2.4362708960e+04    0.90        3876.7
5642     5584     2136     16       -2.4145385909e+04    -2.4362676748e+04    0.90        3949.9
5699     5641     2153     28       -2.4145385909e+04    -2.4362581117e+04    0.90        3970.4
5758     5700     2174     30       -2.4145385909e+04    -2.4362563898e+04    0.90        3993.5
5817     5759     2215     31       -2.4145385909e+04    -2.4362563898e+04    0.90        4007.7
5877     5819     2263     33       -2.4145385909e+04    -2.4362563898e+04    0.90        4031.3
5944     5886     2284     36       -2.4145385909e+04    -2.4362563898e+04    0.90        4061.1
5998     5940     2304     17       -2.4145385909e+04    -2.4361387298e+04    0.89        4084.9
6059     6001     2345     19       -2.4147349245e+04    -2.4361110725e+04    0.89        4102.0
6105     6047     2367     35       -2.4147349245e+04    -2.4361110725e+04    0.89        4116.4
6162     6104     2386     37       -2.4147349245e+04    -2.4360988077e+04    0.88        4136.7
6214     6156     2404     39       -2.4147349245e+04    -2.4360988077e+04    0.88        4153.4
6266     6208     2408     41       -2.4147349245e+04    -2.4360988077e+04    0.88        4167.7
6319     6261     2439     45       -2.4147349245e+04    -2.4360988077e+04    0.88        4184.7
6336     6278     2446     35       -2.4147349245e+04    -2.4360068150e+04    0.88        4227.1
6378     6320     2462     37       -2.4147349245e+04    -2.4359670540e+04    0.88        4245.4
6431     6373     2487     14       -2.4147349245e+04    -2.4359599897e+04    0.88        4263.6
6479     6421     2501     38       -2.4147349245e+04    -2.4359599897e+04    0.88        4281.1
6533     6475     2529     41       -2.4147349245e+04    -2.4359599897e+04    0.88        4298.4
6581     6523     2545     44       -2.4147349245e+04    -2.4359599897e+04    0.88        4321.5
6637     6579     2573     36       -2.4147349245e+04    -2.4359300364e+04    0.88        4337.3
6694     6636     2598     6        -2.4147349245e+04    -2.4359132657e+04    0.88        4355.4
6733     6675     2615     34       -2.4147349245e+04    -2.4359132657e+04    0.88        4371.3
6787     6729     2641     16       -2.4147349245e+04    -2.4358606428e+04    0.87        4395.1
6828     6770     2662     36       -2.4147349245e+04    -2.4358606428e+04    0.87        4416.3
6857     6799     2677     31       -2.4147349245e+04    -2.4358532146e+04    0.87        4455.0
6902     6844     2690     37       -2.4147349245e+04    -2.4358480767e+04    0.87        4482.8
6963     6905     2719     38       -2.4147349245e+04    -2.4358480767e+04    0.87        4498.8
7023     6965     2725     41       -2.4147349245e+04    -2.4358480767e+04    0.87        4518.6
7067     7009     2755     43       -2.4147349245e+04    -2.4358480767e+04    0.87        4537.2
7114     7056     2776     35       -2.4147349245e+04    -2.4358480767e+04    0.87        4567.5
7170     7112     2808     16       -2.4147349245e+04    -2.4357966832e+04    0.87        4593.3
7196     7138     2814     34       -2.4156199201e+04    -2.4357966832e+04    0.84        4656.5
7239     7180     2845     33       -2.4156199201e+04    -2.4357954596e+04    0.84        4675.9
7296     7237     2880     37       -2.4156199201e+04    -2.4357954596e+04    0.84        4689.3
7352     7293     2894     42       -2.4156199201e+04    -2.4357954596e+04    0.84        4705.4
7408     7349     2920     45       -2.4156199201e+04    -2.4357954596e+04    0.84        4722.6
7450     7391     2938     15       -2.4156199201e+04    -2.4357388067e+04    0.83        4755.6
7498     7439     2962     40       -2.4156199201e+04    -2.4357291745e+04    0.83        4775.3
7543     7484     2991     35       -2.4156199201e+04    -2.4357291745e+04    0.83        4792.3
7601     7542     3017     38       -2.4156199201e+04    -2.4357082877e+04    0.83        4808.6
7629     7570     3035     39       -2.4156199201e+04    -2.4357082877e+04    0.83        4841.7
7682     7623     3046     15       -2.4156199201e+04    -2.4356777707e+04    0.83        4861.6
7736     7677     3078     35       -2.4156199201e+04    -2.4356774976e+04    0.83        4879.2
7779     7720     3089     15       -2.4156199201e+04    -2.4356685696e+04    0.83        4903.9
7839     7780     3109     38       -2.4156199201e+04    -2.4356685696e+04    0.83        4922.8
7888     7829     3136     21       -2.4156199201e+04    -2.4356194643e+04    0.83        4946.2
7935     7876     3151     24       -2.4156199201e+04    -2.4356194643e+04    0.83        4969.0
7959     7900     3167     28       -2.4156199201e+04    -2.4356194643e+04    0.83        5022.3
8002     7943     3178     31       -2.4156199201e+04    -2.4356194643e+04    0.83        5042.7
8063     8004     3209     36       -2.4156199201e+04    -2.4356194643e+04    0.83        5055.1
8116     8057     3232     33       -2.4156199201e+04    -2.4356194643e+04    0.83        5069.3
8172     8113     3244     13       -2.4156199201e+04    -2.4355380402e+04    0.82        5084.9
8226     8167     3270     38       -2.4156199201e+04    -2.4355319401e+04    0.82        5098.3
8280     8221     3292     36       -2.4156199201e+04    -2.4355319401e+04    0.82        5112.4
8341     8282     3305     42       -2.4156199201e+04    -2.4355319401e+04    0.82        5142.6
8359     8300     3309     42       -2.4156199201e+04    -2.4355319401e+04    0.82        5164.6
8419     8360     3321     39       -2.4156199201e+04    -2.4355270485e+04    0.82        5179.2
8476     8417     3346     38       -2.4156199201e+04    -2.4354877782e+04    0.82        5199.1
8527     8468     3367     33       -2.4156199201e+04    -2.4354678874e+04    0.82        5214.2
8572     8513     3390     35       -2.4156199201e+04    -2.4354678874e+04    0.82        5234.4
8621     8562     3427     38       -2.4156199201e+04    -2.4354678874e+04    0.82        5254.2
8686     8627     3460     43       -2.4156199201e+04    -2.4354678874e+04    0.82        5271.2
8752     8693     3484     45       -2.4156199201e+04    -2.4354678874e+04    0.82        5286.4
8798     8739     3510     9        -2.4156199201e+04    -2.4354139854e+04    0.82        5301.7
8851     8792     3541     32       -2.4156199201e+04    -2.4353936140e+04    0.82        5327.5
8872     8813     3552     32       -2.4156199201e+04    -2.4353936140e+04    0.82        5372.5
8933     8874     3569     39       -2.4156199201e+04    -2.4353765845e+04    0.82        5389.1
8982     8923     3580     43       -2.4156199201e+04    -2.4353765845e+04    0.82        5418.8
9042     8983     3610     48       -2.4156199201e+04    -2.4353765845e+04    0.82        5446.5
9092     9033     3628     34       -2.4156199201e+04    -2.4353765845e+04    0.82        5462.6
9151     9092     3649     37       -2.4156199201e+04    -2.4353553554e+04    0.82        5477.6
9205     9146     3675     38       -2.4156199201e+04    -2.4353358177e+04    0.82        5495.0
9258     9199     3696     34       -2.4156199201e+04    -2.4353247131e+04    0.82        5509.3
9298     9239     3720     36       -2.4156199201e+04    -2.4353247131e+04    0.82        5533.5
9355     9296     3739     36       -2.4156199201e+04    -2.4353247131e+04    0.82        5547.4
9414     9355     3764     15       -2.4156199201e+04    -2.4353004047e+04    0.81        5568.8
9441     9382     3777     15       -2.4156199201e+04    -2.4353004047e+04    0.81        5615.0
9500     9441     3792     36       -2.4156199201e+04    -2.4353004047e+04    0.81        5629.9
9548     9489     3816     18       -2.4156199201e+04    -2.4352939007e+04    0.81        5648.1
9614     9555     3838     16       -2.4156199201e+04    -2.4352720603e+04    0.81        5667.8
9665     9606     3857     19       -2.4156199201e+04    -2.4352720603e+04    0.81        5699.0
9719     9660     3869     23       -2.4156199201e+04    -2.4352720603e+04    0.81        5722.0
9789     9730     3897     39       -2.4156199201e+04    -2.4352720603e+04    0.81        5749.4
9810     9751     3904     38       -2.4156199201e+04    -2.4352138023e+04    0.81        5798.9
9859     9800     3911     39       -2.4156199201e+04    -2.4352122496e+04    0.81        5814.7
9908     9849     3934     44       -2.4156199201e+04    -2.4352122496e+04    0.81        5841.5
9953     9894     3957     35       -2.4156199201e+04    -2.4352122496e+04    0.81        5859.2
10000    9941     3976     38       -2.4156199201e+04    -2.4352047295e+04    0.81        5875.4
10040    9981     3996     33       -2.4156199201e+04    -2.4351844499e+04    0.81        5892.2
10100    10041    4028     32       -2.4156199201e+04    -2.4351609988e+04    0.81        5909.1
10155    10096    4061     36       -2.4156199201e+04    -2.4351609988e+04    0.81        5924.2
10218    10159    4092     41       -2.4156199201e+04    -2.4351609988e+04    0.81        5944.7
10278    10219    4112     40       -2.4156199201e+04    -2.4351609988e+04    0.81        5961.1
10315    10256    4133     40       -2.4156199201e+04    -2.4351609988e+04    0.81        5982.5
10365    10306    4149     26       -2.4156199201e+04    -2.4351325119e+04    0.81        6003.6
10427    10368    4195     33       -2.4156199201e+04    -2.4351298236e+04    0.81        6022.4
10468    10409    4210     35       -2.4156199201e+04    -2.4351298236e+04    0.81        6044.8
10507    10448    4233     38       -2.4156199201e+04    -2.4351298236e+04    0.81        6058.8
10569    10510    4257     43       -2.4156199201e+04    -2.4351298236e+04    0.81        6074.2
10622    10563    4274     34       -2.4156199201e+04    -2.4351298236e+04    0.81        6096.4
10664    10605    4302     14       -2.4156199201e+04    -2.4351110419e+04    0.81        6122.6
10683    10624    4313     36       -2.4195992527e+04    -2.4351065927e+04    0.64        6199.4
10746    10683    4350     19       -2.4195992527e+04    -2.4350923998e+04    0.64        6215.2
10798    10735    4376     22       -2.4195992527e+04    -2.4350923998e+04    0.64        6237.4
10866    10803    4408     28       -2.4195992527e+04    -2.4350923998e+04    0.64        6259.0
10916    10852    4422     20       -2.4195992527e+04    -2.4350529665e+04    0.64        6276.4
10977    10913    4447     14       -2.4195992527e+04    -2.4350494632e+04    0.64        6295.1
11045    10981    4481     15       -2.4195992527e+04    -2.4350494632e+04    0.64        6312.3
11130    11066    4502     25       -2.4195992527e+04    -2.4350411164e+04    0.64        6335.3
11130    11077    4502     25       -2.4195992527e+04    -2.4350411164e+04    0.64        6402.6
11140    11088    4502     25       -2.4195992527e+04    -2.4350411164e+04    0.64        6433.3
11152    11100    4502     25       -2.4195992527e+04    -2.4350411164e+04    0.64        6460.3
11166    11114    4502     25       -2.4195992527e+04    -2.4350411164e+04    0.64        6470.6
11178    11126    4502     25       -2.4195992527e+04    -2.4350411164e+04    0.64        6498.4
11215    11163    4502     25       -2.4195992527e+04    -2.4350411164e+04    0.64        6512.4
11260    11208    4502     25       -2.4195992527e+04    -2.4350411164e+04    0.64        6531.1
11311    11259    4502     25       -2.4195992527e+04    -2.4350411164e+04    0.64        6549.6
11391    11339    4502     25       -2.4195992527e+04    -2.4350411164e+04    0.64        6562.4
11499    11447    4502     25       -2.4195992527e+04    -2.4350411164e+04    0.64        6584.0
11599    11547    4502     25       -2.4195992527e+04    -2.4350411164e+04    0.64        6597.0
11678    11626    4502     25       -2.4195992527e+04    -2.4350411164e+04    0.64        6612.6
11767    11715    4502     25       -2.4195992527e+04    -2.4350411164e+04    0.64        6623.4
11828    11776    4502     25       -2.4195992527e+04    -2.4350411164e+04    0.64        6636.5
11898    11846    4502     25       -2.4195992527e+04    -2.4350411164e+04    0.64        6650.3
11910    11858    4502     25       -2.4195992527e+04    -2.4350411164e+04    0.64        6678.0
11976    11924    4502     25       -2.4195992527e+04    -2.4350411164e+04    0.64        6691.7
12044    11992    4502     25       -2.4195992527e+04    -2.4350411164e+04    0.64        6709.2
12111    12059    4502     25       -2.4195992527e+04    -2.4350411164e+04    0.64        6722.5
12176    12124    4502     25       -2.4195992527e+04    -2.4350411164e+04    0.64        6736.0
12226    12174    4528     20       -2.4195992527e+04    -2.4350279346e+04    0.64        6754.5
12248    12196    4538     20       -2.4195992527e+04    -2.4350279346e+04    0.64        6793.9
12317    12265    4563     26       -2.4195992527e+04    -2.4350279346e+04    0.64        6813.3
12380    12328    4584     31       -2.4195992527e+04    -2.4350279346e+04    0.64        6828.4
12441    12389    4599     37       -2.4195992527e+04    -2.4350279346e+04    0.64        6843.1
12502    12450    4628     32       -2.4195992527e+04    -2.4350279346e+04    0.64        6858.1
12552    12500    4648     34       -2.4195992527e+04    -2.4349582203e+04    0.63        6875.9
12604    12552    4658     31       -2.4195992527e+04    -2.4349477407e+04    0.63        6896.4
12658    12606    4680     33       -2.4195992527e+04    -2.4349406532e+04    0.63        6913.8
12698    12646    4690     33       -2.4195992527e+04    -2.4349401770e+04    0.63        6944.9
12719    12667    4701     33       -2.4195992527e+04    -2.4349401770e+04    0.63        6990.5
12776    12724    4716     35       -2.4195992527e+04    -2.4349254304e+04    0.63        7013.7
12849    12797    4735     14       -2.4195992527e+04    -2.4349233009e+04    0.63        7032.4
12917    12865    4751     35       -2.4195992527e+04    -2.4349150053e+04    0.63        7046.8
12961    12909    4769     36       -2.4195992527e+04    -2.4349135167e+04    0.63        7063.5
13010    12958    4798     44       -2.4195992527e+04    -2.4349135167e+04    0.63        7082.9
13079    13027    4821     11       -2.4195992527e+04    -2.4349047197e+04    0.63        7108.9
13155    13103    4843     25       -2.4195992527e+04    -2.4349047197e+04    0.63        7123.4
13224    13172    4860     31       -2.4195992527e+04    -2.4348938590e+04    0.63        7140.0
13274    13222    4892     33       -2.4195992527e+04    -2.4348938590e+04    0.63        7159.9

Objective of best integer solution : -2.419599252691e+04     
Best objective bound               : -2.434893858994e+04     
Initial feasible solution objective: 0.000000000000e+00      
Construct solution objective       : Not employed
User objective cut value           : Not employed
Number of cuts generated           : 7
  Number of Gomory cuts            : 7
Number of branches                 : 13284
Number of relaxations solved       : 13232
Number of interior point iterations: 94
Number of simplex iterations       : 3208189
Time spend presolving the root     : 7.08
Time spend optimizing the root     : 26.76
Mixed integer optimizer terminated. Time: 7204.47

Optimizer terminated. Time: 7204.71 

MOSEK error 2950: No dual information is available for the integer solution.
